# ERRATIC2: ERRATIC2-rec.txt, as recorded - scenario ticks.
# Recorded input, scenario ticks (the port's trace ticks).
# Turn into a comparison pair with
#     reference/scripts/make_pair.py <name> --recording ERRATIC2-rec.txt
1 move 0 0
4 move 405 352
32 move 409 354
33 move 420 360
34 move 429 367
35 move 443 374
36 move 455 377
37 move 471 384
38 move 490 395
39 move 502 400
40 move 507 403
41 move 508 403
42 move 511 403
68 move 512 406
69 move 515 406
70 move 517 408
71 move 518 408
72 move 519 408
73 move 521 408
158 move 524 406
159 move 529 404
160 move 532 403
161 move 533 402
162 move 534 400
163 move 535 400
218 lclick 9
251 move 564 390
252 move 592 385
253 move 636 384
254 move 657 384
255 move 678 384
256 move 686 382
257 move 692 380
258 move 696 378
259 move 699 376
260 move 699 375
283 lclick 6
331 lclick 9
341 lclick 10
352 lclick 7
381 ctrl 84
477 ctrl 5
488 ctrl 22
513 ctrl 5
521 ctrl 5
529 ctrl 14
548 ctrl 5
556 ctrl 5
565 ctrl 1
570 ctrl 4
577 ctrl 36
615 ctrl 4
623 ctrl 3
629 ctrl 4
638 ctrl 8
661 ctrl 4
669 ctrl 2
673 ctrl 6
683 ctrl 5
691 ctrl 8
703 ctrl 3
708 ctrl 5
717 ctrl 6
727 ctrl 51
781 ctrl 3
787 ctrl 17
811 ctrl 16
837 ctrl 6
846 ctrl 4
854 ctrl 5
862 ctrl 4
870 ctrl 4
893 lclick 8
902 lclick 7
910 lclick 8
946 ctrl 16
970 ctrl 5
1013 ctrl 5
1020 ctrl 4
1044 move 747 307
1045 move 762 276
1046 move 771 258
1047 move 774 252
1048 move 776 249
1049 move 776 248
1050 move 776 247
1051 move 779 240
1052 move 780 237
1054 move 785 225
1055 move 785 223
1056 move 786 223
1059 move 786 224
1060 move 787 228
1061 move 787 230
1063 move 789 231
1064 move 790 233
1065 move 791 234
1066 move 791 235
1073 move 791 236
1093 move 790 234
1094 move 790 231
1096 move 779 204
1097 move 778 198
1098 move 778 196
1101 move 778 195
1102 move 778 194
1105 move 778 193
1107 move 778 191
1108 move 778 188
1109 move 778 186
1110 move 779 183
1111 move 779 182
1112 move 779 179
1113 move 779 175
1114 move 780 171
1115 move 780 169
1116 move 780 166
1118 move 780 159
1119 move 782 156
1120 move 782 153
1121 move 783 150
1122 move 784 147
1123 move 784 145
1124 move 786 142
1125 move 786 140
1126 move 786 138
1128 move 786 137
1129 move 786 136
1144 move 786 137
1145 move 786 139
1146 move 786 140
1147 move 786 143
1148 move 786 146
1149 move 786 150
1150 move 786 153
1151 move 786 158
1152 move 786 162
1153 move 787 169
1154 move 789 176
1155 move 790 183
1156 move 790 187
1157 move 790 191
1158 move 791 200
1159 move 793 207
1160 move 794 219
1161 move 795 222
1162 move 795 230
1163 move 796 235
1164 move 797 237
1165 move 797 244
1166 move 797 248
1168 move 798 252
1169 move 798 254
1170 move 798 257
1171 move 798 260
1172 move 798 262
1173 move 798 263
1082 lclick 98
1200 move 787 272
1201 move 772 281
1202 move 751 291
1203 move 736 298
1204 move 723 302
1205 move 704 310
1206 move 691 316
1207 move 677 323
1208 move 665 327
1209 move 657 330
1210 move 653 331
1211 move 652 331
1213 move 648 331
1233 move 653 345
1234 move 677 366
1235 move 747 391
1236 move 790 410
1237 move 799 417
1238 move 799 418
1240 move 799 419
1241 move 799 424
1242 move 797 430
1243 move 787 435
1244 move 786 435
1245 move 784 436
1246 move 782 437
1247 move 782 438
1248 move 790 440
1249 move 795 440
1250 move 797 440
1251 move 798 440
1252 move 798 442
1253 move 798 443
1254 move 798 445
1255 move 798 449
1256 move 795 464
1257 move 790 483
1258 move 786 500
1259 move 782 522
1260 move 779 532
1261 move 779 536
1262 move 779 538
1263 move 779 539
1265 move 779 540
1269 move 779 541
1270 move 780 547
1271 move 784 554
1272 move 786 558
1273 move 787 562
1276 move 787 563
1287 move 787 561
1314 move 787 554
1315 move 787 549
1316 move 787 545
1317 move 787 543
1318 move 787 541
1322 move 787 539
1323 move 787 538
1324 move 787 537
1326 move 787 536
1327 move 787 533
1330 move 787 532
1342 move 787 533
1301 lclick 42
1355 move 779 532
1356 move 715 525
1357 move 691 522
1358 move 676 521
1359 move 670 520
1360 move 667 519
1372 lclick 10
1423 ctrl 3
1430 ctrl 3
1437 ctrl 26
1491 ctrl 3
1498 ctrl 15
1517 ctrl 5
1524 ctrl 5
1531 ctrl 32
1564 ctrl 5
1572 ctrl 3
1577 ctrl 4
1584 ctrl 7
1596 ctrl 9
1612 ctrl 8
1623 ctrl 3
1628 ctrl 6
1638 ctrl 5
1647 ctrl 6
1666 ctrl 5
1673 ctrl 13
1690 ctrl 3
1696 ctrl 7
1706 ctrl 5
1713 ctrl 24
1741 ctrl 6
1751 ctrl 5
1761 ctrl 5
1781 ctrl 5
1789 ctrl 45
1840 ctrl 6
1847 ctrl 23
1871 ctrl 8
1884 ctrl 4
1890 ctrl 6
1901 ctrl 4
1910 ctrl 7
1921 ctrl 5
1929 ctrl 3
1935 ctrl 8
1948 ctrl 8
1959 ctrl 8
1970 ctrl 6
1980 ctrl 4
1989 ctrl 7
2000 ctrl 4
2007 ctrl 3
2014 ctrl 6
2024 ctrl 5
2032 ctrl 6
2042 ctrl 6
2050 ctrl 8
2062 ctrl 6
2072 ctrl 7
2083 ctrl 5
2093 ctrl 5
2102 ctrl 7
2114 ctrl 28
2148 ctrl 3
2156 ctrl 5
2165 ctrl 8
2177 ctrl 6
2189 ctrl 6
2201 ctrl 7
2215 ctrl 5
2225 ctrl 6
2235 ctrl 5
2243 ctrl 5
2252 ctrl 33
2293 ctrl 6
2300 ctrl 7
2311 ctrl 5
2319 ctrl 23
2346 ctrl 6
2354 ctrl 29
2387 ctrl 4
2394 ctrl 4
2403 ctrl 2
2406 ctrl 26
2435 ctrl 5
2442 ctrl 44
2491 ctrl 5
2510 ctrl 15
2537 enter 7
2545 ctrl 42
2590 ctrl 37
2632 ctrl 4
2644 ctrl 4
2651 ctrl 5
2660 ctrl 234
2895 ctrl 7
2905 ctrl 10
2918 ctrl 5
2927 ctrl 8
2936 ctrl 76
3015 ctrl 5
3022 ctrl 5
3030 ctrl 51
3084 ctrl 4
3092 ctrl 5
3101 ctrl 4
3108 ctrl 6
3116 ctrl 7
3126 ctrl 6
3135 ctrl 9
3147 ctrl 16
3167 ctrl 8
3177 ctrl 5
3185 ctrl 15
3205 ctrl 6
3216 ctrl 5
3225 ctrl 30
3257 ctrl 6
3266 ctrl 19
3288 ctrl 4
3295 ctrl 17
3317 ctrl 6
3328 ctrl 39
3371 ctrl 13
3387 ctrl 7
3395 ctrl 30
3428 ctrl 23
3454 ctrl 5
3461 ctrl 44
3505 ctrl 17
3529 ctrl 29
3560 ctrl 5
3569 ctrl 5
3577 ctrl 10
3593 ctrl 5
3601 ctrl 4
3609 ctrl 7
3622 ctrl 21
3648 ctrl 7
3660 ctrl 4
3668 ctrl 6
3681 ctrl 5
3691 ctrl 30
3727 ctrl 7
3740 ctrl 5
3747 ctrl 14
3783 ctrl 39
3830 ctrl 4
3877 lclick 10
3888 lclick 10
3899 lclick 9
3909 lclick 8
3918 lclick 11
3930 lclick 11
3942 lclick 10
3953 lclick 8
3962 lclick 8
3971 lclick 7
3979 lclick 6
3986 lclick 5
3992 lclick 5
3998 lclick 4
4003 lclick 5
4009 lclick 3
4013 lclick 5
4019 lclick 3
4023 lclick 3
4027 lclick 4
4032 lclick 4
4037 lclick 3
4041 lclick 9
4051 lclick 10
4062 lclick 8
4071 lclick 7
4079 lclick 6
4086 lclick 6
4093 lclick 7
4101 lclick 5
4107 lclick 5
4113 lclick 4
4118 lclick 4
4123 lclick 5
4194 lclick 11
4301 move 694 516
4302 move 717 511
4303 move 736 501
4304 move 751 494
4305 move 767 489
4306 move 786 488
4307 move 794 489
4308 move 798 489
4309 move 799 489
4310 move 799 490
4312 move 799 493
4313 move 799 498
4314 move 799 501
4316 move 799 503
4320 move 799 501
4321 move 799 495
4322 move 799 489
4323 move 799 487
4324 move 799 486
4325 move 799 484
4326 move 799 482
4327 move 799 478
4328 move 799 473
4329 move 799 468
4330 move 799 462
4331 move 799 460
4332 move 799 458
4333 move 799 454
4334 move 799 450
4335 move 799 445
4336 move 799 443
4337 move 799 438
4338 move 799 435
4339 move 798 432
4340 move 797 429
4341 move 797 428
4342 move 797 427
4343 move 796 424
4344 move 796 421
4345 move 795 420
4346 move 795 418
4348 move 795 417
4349 move 795 416
4351 move 794 416
4352 move 793 416
4353 move 790 422
4354 move 790 425
4355 move 790 428
4356 move 790 429
4358 move 790 430
4359 move 790 431
4385 move 790 430
4390 move 790 429
4392 move 790 427
4394 move 790 426
4395 move 790 425
4407 move 790 424
4412 move 790 422
4413 move 790 421
4415 move 790 420
4418 move 789 419
4420 move 789 418
4429 move 789 417
4434 move 789 416
4435 move 789 415
4436 move 789 414
4441 move 789 413
4450 lclick 10
4481 move 774 418
4482 move 754 424
4483 move 739 426
4484 move 725 428
4485 move 717 430
4486 move 710 431
4487 move 707 432
4488 move 704 432
4489 move 703 432
4490 move 702 432
4511 move 701 432
4512 move 700 432
5135 move 686 431
5136 move 608 413
5137 move 479 389
5138 move 378 389
5139 move 299 395
5140 move 253 398
5141 move 244 399
5156 move 205 395
5157 move 165 385
5158 move 150 382
5159 move 134 378
5160 move 116 371
5161 move 107 366
5162 move 102 363
5163 move 99 361
5164 move 94 359
5165 move 87 357
5166 move 84 355
5167 move 81 355
5168 move 78 354
5169 move 74 352
5170 move 73 352
5219 lclick 10
5243 lclick 9
5253 lclick 9
5275 lclick 9
5300 lclick 11
5329 lclick 11
5353 lclick 11
5378 lclick 11
5408 lclick 11
5433 lclick 11
5460 lclick 10
5487 move 81 349
5488 move 114 342
5489 move 153 337
5490 move 160 336
5491 move 189 331
5492 move 221 321
5493 move 235 319
5494 move 248 316
5495 move 293 308
5496 move 312 305
5497 move 340 301
5498 move 357 298
5499 move 370 294
5500 move 389 289
5501 move 398 284
5502 move 410 278
5503 move 418 273
5504 move 427 269
5505 move 440 262
5506 move 447 257
5507 move 460 250
5508 move 464 248
5509 move 479 241
5510 move 487 238
5511 move 498 237
5512 move 503 237
5513 move 510 237
5514 move 515 237
5515 move 521 237
5516 move 532 235
5517 move 534 235
5518 move 537 235
5519 move 540 234
5520 move 543 233
5521 move 545 233
5522 move 546 233
5524 move 547 235
5525 move 547 241
5526 move 545 252
5527 move 543 258
5528 move 540 265
5529 move 533 281
5530 move 532 285
5531 move 524 298
5532 move 522 302
5533 move 519 313
5534 move 516 323
5535 move 511 339
5536 move 508 348
5537 move 506 356
5538 move 505 359
5539 move 505 360
5540 move 505 361
5542 move 506 360
5543 move 511 352
5544 move 517 341
5545 move 523 326
5546 move 530 308
5547 move 535 297
5548 move 543 281
5549 move 548 273
5550 move 553 262
5551 move 556 257
5552 move 558 254
5553 move 559 252
5554 move 561 250
5555 move 561 249
5556 move 562 248
5560 move 561 252
5561 move 556 263
5562 move 553 270
5563 move 544 286
5564 move 537 295
5565 move 532 305
5566 move 528 312
5567 move 524 320
5568 move 519 331
5569 move 519 334
5570 move 516 342
5571 move 514 345
5572 move 513 348
5573 move 513 349
5576 move 512 350
5577 move 511 352
5578 move 511 353
5584 move 515 349
5585 move 521 342
5586 move 532 326
5587 move 539 312
5588 move 545 299
5589 move 551 287
5590 move 559 273
5591 move 566 257
5592 move 569 250
5593 move 572 244
5594 move 574 240
5595 move 575 237
5609 lclick 11
5931 move 586 243
5932 move 594 245
5933 move 628 255
5934 move 652 262
5935 move 657 265
5936 move 667 269
5937 move 681 276
5938 move 703 294
5939 move 715 305
5940 move 725 317
5941 move 732 327
5942 move 738 334
5943 move 740 339
5944 move 743 342
5945 move 745 345
5946 move 747 346
5947 move 749 349
5948 move 750 352
5949 move 751 356
5950 move 753 361
5951 move 754 365
5952 move 755 368
5953 move 756 374
5954 move 758 378
5955 move 758 379
5957 move 761 384
5958 move 765 389
5959 move 767 392
5960 move 768 395
5962 move 769 397
5963 move 771 398
5964 move 771 399
5965 move 772 400
5972 move 774 402
5973 move 776 403
5974 move 779 404
5976 move 780 406
5977 move 782 406
6000 move 782 407
6018 lclick 11
6050 move 775 407
6051 move 758 408
6052 move 753 408
6053 move 735 408
6054 move 728 407
6055 move 708 406
6056 move 699 406
6057 move 692 404
6058 move 688 404
6059 move 686 404
6060 move 685 404
6082 move 689 404
6083 move 697 404
6084 move 704 404
6085 move 731 403
6087 move 739 404
6088 move 758 407
6089 move 762 408
6090 move 764 408
6091 move 767 408
6092 move 776 409
6093 move 784 411
6094 move 787 411
6095 move 791 411
6096 move 795 411
6097 move 799 413
6112 move 799 411
6113 move 797 411
6114 move 796 411
6122 move 795 411
6132 move 793 411
6133 move 792 411
6143 lclick 9
6169 move 779 414
6170 move 747 418
6171 move 726 418
6172 move 710 419
6173 move 705 419
6174 move 703 419
6175 move 701 419
6181 move 706 418
6182 move 717 415
6183 move 731 413
6184 move 734 411
6185 move 737 411
6186 move 738 411
6187 move 739 411
6255 move 739 413
6256 move 739 426
6257 move 736 440
6258 move 732 447
6259 move 726 453
6260 move 721 456
6261 move 721 457
6281 ctrl 42
6346 move 726 459
6347 move 750 472
6348 move 764 480
6349 move 767 483
6350 move 768 484
6351 move 769 484
6352 move 771 484
6364 move 772 483
6365 move 772 482
6366 move 773 480
6367 move 774 479
6368 move 776 475
6370 move 778 473
6371 move 778 472
6377 move 778 469
6379 move 779 469
6382 move 779 468
6383 move 779 467
6384 move 779 466
6385 move 780 465
6386 move 780 464
6403 move 780 462
6404 move 782 461
6407 move 782 460
6437 lclick 6
6482 move 779 460
6483 move 771 462
6484 move 753 467
6485 move 742 469
6486 move 732 471
6487 move 727 471
6488 move 725 471
6489 move 723 471
6490 move 722 471
6503 move 721 471
6504 move 718 473
6505 move 716 475
6506 move 711 477
6507 move 708 478
6508 move 707 479
6523 move 707 478
6524 move 706 478
6525 move 705 477
6526 move 703 475
6527 move 702 475
6528 move 701 473
6529 move 700 472
6530 move 699 472
6532 move 697 472
6533 move 693 472
6534 move 690 472
6535 move 689 471
6549 move 684 469
6550 move 664 461
6551 move 653 456
6552 move 643 451
6553 move 638 449
6554 move 634 447
6555 move 632 446
6556 move 632 445
6557 move 631 444
6558 move 630 444
6569 move 628 444
6570 move 626 444
6571 move 621 444
6572 move 616 443
6573 move 612 443
6574 move 606 443
6575 move 605 443
6576 move 604 443
6577 move 603 443
6578 move 602 443
6585 move 602 442
6586 move 601 440
6589 move 601 439
6591 move 601 438
6603 move 601 437
6624 move 602 437
6705 move 601 437
6706 move 597 436
6707 move 587 432
6708 move 581 430
6709 move 577 428
6710 move 574 426
6711 move 572 425
6712 move 569 424
6714 move 568 424
6715 move 567 424
6716 move 566 424
6722 move 565 424
6736 move 566 424
6936 lclick 10
6988 move 562 424
6989 move 561 422
6990 move 557 421
6991 move 556 421
6992 move 551 421
6993 move 548 420
6994 move 545 419
6995 move 543 418
6997 move 541 417
6998 move 540 417
7035 ctrl 335
7384 ctrl 6
7394 ctrl 43
7443 ctrl 53
7504 ctrl 4
7514 ctrl 3
7521 ctrl 4
7529 ctrl 4
7537 ctrl 30
7575 ctrl 6
7586 ctrl 4
7596 ctrl 5
7618 ctrl 6
7630 ctrl 5
7639 ctrl 39
7686 ctrl 6
7697 ctrl 5
7707 ctrl 23
7737 ctrl 6
7749 ctrl 4
7759 ctrl 21
7787 ctrl 7
7800 ctrl 5
7810 ctrl 24
7842 ctrl 5
7851 ctrl 7
7861 ctrl 16
7884 ctrl 4
7893 ctrl 5
7903 ctrl 6
7910 ctrl 9
7925 ctrl 5
7934 ctrl 5
7944 ctrl 33
7982 ctrl 6
7993 ctrl 29
8023 ctrl 11
8041 ctrl 6
8052 ctrl 22
8081 ctrl 6
8091 ctrl 37
8133 ctrl 44
8183 ctrl 8
8194 ctrl 7
8205 ctrl 51
8265 ctrl 4
8274 ctrl 93
8378 ctrl 3
8387 ctrl 4
8394 ctrl 5
8406 ctrl 5
8414 ctrl 31
8457 ctrl 41
8501 ctrl 7
8513 ctrl 7
8521 ctrl 20
8547 ctrl 5
8556 ctrl 6
8565 ctrl 29
8603 ctrl 6
8613 ctrl 7
8624 ctrl 35
8665 ctrl 5
8675 ctrl 6
8685 ctrl 20
8729 move 545 413
8730 move 559 398
8731 move 576 384
8732 move 592 371
8733 move 606 360
8734 move 615 355
8735 move 622 352
8736 move 631 347
8737 move 637 345
8738 move 646 338
8739 move 653 334
8740 move 660 328
8741 move 663 327
8742 move 670 323
8743 move 677 318
8744 move 681 315
8745 move 686 312
8746 move 688 310
8747 move 691 309
8748 move 694 307
8749 move 697 306
8750 move 699 305
8753 move 700 305
8756 move 701 305
8757 move 702 305
8758 move 703 305
8759 move 704 305
8760 move 706 305
8761 move 710 305
8762 move 717 305
8763 move 727 305
8764 move 732 305
8765 move 737 305
8766 move 739 305
8767 move 742 305
8769 move 743 303
8780 lclick 11
8819 lclick 11
8860 lclick 11
8891 lclick 10
8920 lclick 11
9016 move 739 303
9017 move 720 301
9018 move 712 299
9019 move 689 295
9020 move 677 294
9021 move 662 291
9022 move 659 290
9023 move 645 289
9024 move 642 288
9025 move 630 287
9026 move 628 287
9027 move 626 286
9028 move 624 286
9029 move 621 286
9030 move 620 286
9031 move 619 286
9032 move 616 286
9034 move 615 286
9045 lclick 11
9160 ctrl 6
9170 ctrl 3
9178 ctrl 4
9185 ctrl 3
9191 ctrl 6
9199 ctrl 5
9207 ctrl 3
9214 ctrl 4
9220 ctrl 32
9260 ctrl 4
9268 ctrl 9
9279 ctrl 20
9303 ctrl 5
9312 ctrl 4
9318 ctrl 19
9342 ctrl 6
9351 ctrl 25
9382 ctrl 8
9395 ctrl 31
9430 ctrl 4
9438 ctrl 18
9461 ctrl 4
9468 ctrl 3
9473 ctrl 17
9493 ctrl 3
9499 ctrl 1
9502 ctrl 79
9584 ctrl 13
9600 ctrl 4
9607 ctrl 4
9614 ctrl 16
9636 ctrl 3
9643 ctrl 4
9651 ctrl 6
9661 ctrl 6
9687 move 604 284
9688 move 573 276
9689 move 521 260
9690 move 473 248
9691 move 439 243
9692 move 418 238
9693 move 404 236
9694 move 392 233
9695 move 381 229
9696 move 367 222
9697 move 353 220
9698 move 340 222
9699 move 329 226
9700 move 318 230
9701 move 312 233
9702 move 307 236
9703 move 302 238
9704 move 293 244
9705 move 286 245
9706 move 280 246
9707 move 265 251
9708 move 257 252
9709 move 251 252
9710 move 248 252
9711 move 245 252
9712 move 244 252
9713 move 243 252
9714 move 241 251
9715 move 240 250
9719 move 240 249
9720 move 239 248
9721 move 239 247
9722 move 239 245
9723 move 239 244
9724 move 239 240
9725 move 239 238
9726 move 239 237
9727 move 239 236
9728 move 239 235
9730 move 239 233
9732 move 239 231
9756 move 240 231
9757 move 241 233
9758 move 245 234
9759 move 248 236
9760 move 259 240
9761 move 264 241
9762 move 280 245
9763 move 295 250
9764 move 304 252
9765 move 308 254
9766 move 309 254
9767 move 312 256
9768 move 314 259
9769 move 318 263
9789 move 311 265
9790 move 301 263
9791 move 274 241
9792 move 256 220
9793 move 250 209
9794 move 239 198
9795 move 236 196
9799 move 211 164
9800 move 200 146
9801 move 195 140
9802 move 190 135
9803 move 186 135
9804 move 184 135
9805 move 178 135
9806 move 174 133
9807 move 170 135
9808 move 167 136
9809 move 165 140
9810 move 163 149
9811 move 161 155
9812 move 160 161
9813 move 160 164
9814 move 160 169
9815 move 160 193
9816 move 160 205
9817 move 160 209
9818 move 160 212
9819 move 159 212
9820 move 158 215
9821 move 158 216
9822 move 157 218
9823 move 157 220
9824 move 155 230
9825 move 152 244
9826 move 149 254
9827 move 147 258
9828 move 146 258
9840 move 142 254
9841 move 120 234
9842 move 99 216
9843 move 94 209
9844 move 92 198
9846 move 94 191
9847 move 102 183
9848 move 113 177
9849 move 131 173
9850 move 146 173
9851 move 150 175
9852 move 150 179
9853 move 150 184
9854 move 143 199
9855 move 137 211
9856 move 135 214
9857 move 128 225
9858 move 119 236
9859 move 115 238
9860 move 114 240
9861 move 113 240
9863 move 114 235
9900 move 115 229
9901 move 131 189
9904 move 145 164
9906 move 138 175
9907 move 46 313
9908 move 18 352
9909 move 4 371
9910 move 1 373
9912 move 4 364
9913 move 69 276
9914 move 116 229
9915 move 135 219
9916 move 150 217
9917 move 152 217
9918 move 152 223
9919 move 123 270
9920 move 87 325
9921 move 70 348
9922 move 62 359
9923 move 59 360
9924 move 58 361
9925 move 65 345
9926 move 170 204
9927 move 205 177
9928 move 221 172
9929 move 226 172
9930 move 227 173
9931 move 228 176
9932 move 211 213
9933 move 197 235
9934 move 193 241
9935 move 192 243
9936 move 192 244
9939 move 192 243
9940 move 193 241
9941 move 196 238
9942 move 198 235
9943 move 200 233
9944 move 200 231
9945 move 203 230
9946 move 204 229
9947 move 210 225
9948 move 216 223
9949 move 222 222
9950 move 228 222
9951 move 233 222
9952 move 235 222
9954 move 236 226
9955 move 233 231
9956 move 226 244
9957 move 219 254
9958 move 212 262
9959 move 208 265
9960 move 207 266
9961 move 206 266
10014 move 216 214
10015 move 222 167
10016 move 223 156
10017 move 222 154
10018 move 221 153
10019 move 216 154
10020 move 211 156
10021 move 206 156
10022 move 200 156
10023 move 197 157
10024 move 193 159
10025 move 189 161
10026 move 185 164
10027 move 184 167
10028 move 184 168
10041 move 187 165
10042 move 208 151
10043 move 223 144
10044 move 247 135
10045 move 268 130
10046 move 283 127
10047 move 288 126
10048 move 290 126
10050 move 288 128
10051 move 283 132
10052 move 276 135
10053 move 272 135
10054 move 266 130
10055 move 264 121
10056 move 261 106
10057 move 257 90
10058 move 255 85
10059 move 253 82
10060 move 251 79
10064 move 251 77
10065 move 251 76
10069 move 247 83
10070 move 244 90
10071 move 243 96
10072 move 243 98
10073 move 243 99
10074 move 243 100
10075 move 243 101
10076 move 243 103
10077 move 243 105
10078 move 243 106
10146 move 240 108
10147 move 230 118
10148 move 227 121
10149 move 224 124
10150 move 221 129
10151 move 214 140
10152 move 203 155
10153 move 197 167
10154 move 190 180
10155 move 186 188
10156 move 185 190
10157 move 182 201
10158 move 179 207
10159 move 178 211
10160 move 176 214
10161 move 174 217
10162 move 174 218
10163 move 172 222
10164 move 171 222
10165 move 168 226
10166 move 168 227
10167 move 168 228
10168 move 167 229
10169 move 167 230
10172 move 166 230
10173 move 166 231
10174 move 165 233
10175 move 164 233
10177 lclick 10
10208 lclick 5
10218 lclick 7
10260 num3 7
10273 num3 6
10354 enter 82
10440 ctrl 17
10462 ctrl 3
10467 ctrl 14
10493 ctrl 3
10502 ctrl 1
10508 ctrl 54
10562 ctrl 12
10582 ctrl 16
10607 ctrl 7
10617 ctrl 4
10622 ctrl 6
10630 ctrl 6
10638 ctrl 412
11040 enter 59
11171 move 172 230
11172 move 189 227
11173 move 222 223
11174 move 248 220
11175 move 281 218
11176 move 309 219
11177 move 333 222
11178 move 340 223
11179 move 355 228
11180 move 367 233
11181 move 376 235
11182 move 387 240
11183 move 397 244
11184 move 399 245
11185 move 407 249
11186 move 410 250
11187 move 415 252
11188 move 420 254
11189 move 423 256
11190 move 426 258
11191 move 427 259
11192 move 428 259
11217 enter 8
11229 ctrl 19
11251 ctrl 17
11275 ctrl 4
11277 enter 6
11287 ctrl 7
11297 enter 7
11304 ctrl 50
11349 enter 10
11367 enter 14
11362 ctrl 49
11411 enter 15
11439 enter 7
11464 move 432 261
11465 move 451 269
11466 move 460 274
11467 move 462 276
11479 lclick 8
11488 lclick 12
11504 lclick 6
11511 lclick 7
11519 lclick 10
11529 ctrl 22
11554 ctrl 6
11567 ctrl 5
11577 ctrl 4
11588 ctrl 3
11597 ctrl 3
11606 ctrl 5
11614 ctrl 6
11623 ctrl 4
11630 ctrl 3
11639 ctrl 47
11719 move 465 276
11720 move 468 274
11721 move 469 274
11722 move 471 274
11725 move 473 274
11726 move 480 273
11746 ctrl 66
11841 move 486 273
11842 move 510 276
11843 move 535 280
11844 move 552 284
11846 move 580 294
11847 move 593 302
11848 move 601 308
11851 move 609 313
11852 move 612 314
11853 move 612 315
11854 move 614 316
11856 move 621 320
11857 move 625 323
11858 move 628 323
11859 move 628 324
11903 move 630 324
11904 move 631 324
11905 move 633 324
11908 move 642 326
11909 move 652 326
11910 move 660 326
11911 move 667 326
11912 move 673 326
11913 move 675 326
11914 move 678 326
11915 move 681 326
11916 move 683 326
11917 move 688 326
11918 move 695 326
11919 move 710 330
11920 move 729 339
11921 move 737 345
11922 move 744 349
11923 move 747 352
11924 move 751 353
11925 move 755 355
11926 move 758 357
11927 move 760 358
11928 move 762 359
11929 move 765 360
11930 move 767 361
11931 move 768 363
11932 move 771 363
11936 move 772 363
11937 move 773 363
11938 move 774 363
11939 move 776 363
11940 move 778 363
11941 move 779 360
11943 move 780 360
11949 move 782 359
11950 move 782 357
11951 move 782 353
11952 move 782 349
11953 move 782 345
11954 move 782 339
11955 move 782 332
11956 move 782 328
11957 move 782 321
11958 move 783 313
11959 move 783 305
11960 move 783 301
11961 move 783 298
11962 move 783 297
11963 move 783 296
11984 lclick 1
11986 lclick 6
11993 lclick 6
12005 lclick 8
12014 lclick 6
12021 lclick 7
12038 move 784 299
12039 move 784 305
12040 move 784 309
12041 move 785 313
12042 move 786 317
12043 move 787 323
12044 move 787 324
12045 move 789 330
12046 move 789 331
12047 move 789 332
12057 lclick 6
12064 lclick 8
12073 lclick 6
12080 lclick 5
12086 lclick 6
12093 lclick 5
12099 lclick 8
12108 lclick 8
12146 move 789 338
12147 move 790 355
12148 move 791 373
12149 move 791 379
12150 move 791 385
12151 move 791 393
12152 move 791 403
12153 move 791 411
12154 move 791 413
12155 move 791 418
12156 move 790 421
12157 move 790 426
12158 move 787 430
12159 move 787 432
12161 move 787 433
12162 move 787 435
12163 move 787 436
12164 move 785 438
12165 move 785 440
12166 move 784 442
12167 move 783 443
12169 move 783 444
12171 move 783 443
12172 move 782 424
12173 move 784 387
12174 move 786 373
12175 move 787 365
12176 move 789 361
12177 move 790 358
12178 move 790 355
12179 move 790 353
12180 move 790 352
12182 move 790 350
12183 move 790 349
12184 move 790 345
12185 move 790 342
12186 move 790 341
12187 move 790 339
12188 move 790 337
12189 move 790 335
12190 move 790 334
12214 move 790 335
12215 move 787 336
12216 move 787 337
12218 move 787 339
12236 lclick 11
12280 lclick 9
12290 lclick 9
12300 lclick 9
12329 move 787 359
12330 move 789 371
12331 move 791 388
12332 move 791 395
12333 move 792 406
12334 move 793 413
12335 move 793 425
12336 move 793 443
12337 move 792 450
12338 move 791 453
12339 move 791 457
12340 move 791 461
12341 move 791 465
12342 move 791 467
12343 move 792 472
12344 move 793 475
12346 move 793 476
12347 move 793 478
12348 move 793 483
12349 move 793 484
12351 move 793 489
12353 move 793 494
12354 move 793 498
12355 move 793 503
12356 move 792 506
12357 move 791 509
12358 move 790 512
12362 move 790 514
12363 move 787 517
12364 move 786 518
12365 move 784 519
12375 move 783 520
12376 move 782 522
12379 move 779 525
12380 move 776 526
12381 move 773 529
12382 move 768 530
12383 move 756 530
12384 move 742 529
12385 move 728 527
12386 move 711 525
12387 move 696 521
12388 move 681 516
12389 move 670 511
12390 move 667 509
12391 move 666 508
12392 move 665 507
12393 move 664 506
12412 lclick 11
12532 ctrl 27
12599 ctrl 79
12693 ctrl 25
12739 ctrl 65
12831 ctrl 39
12890 ctrl 253
13177 move 664 504
13178 move 670 496
13179 move 678 485
13180 move 681 482
13181 move 683 479
13182 move 685 476
13183 move 686 475
13184 move 688 471
13185 move 689 469
13186 move 691 466
13187 move 696 461
13188 move 699 457
13189 move 704 451
13190 move 710 446
13191 move 722 431
13192 move 725 428
13194 move 739 414
13195 move 749 404
13196 move 760 396
13197 move 765 392
13198 move 768 389
13199 move 771 387
13200 move 773 384
13201 move 775 382
13203 move 778 378
13204 move 779 377
13206 move 782 374
13207 move 784 371
13208 move 785 370
13209 move 786 368
13213 move 787 368
13221 move 787 371
13222 move 789 371
13223 move 789 374
13224 move 789 375
13225 move 789 378
13226 move 789 380
13227 move 789 382
13229 move 789 384
13230 move 789 387
13231 move 789 389
13232 move 789 392
13233 move 789 395
13234 move 789 396
13235 move 789 397
13237 move 789 398
13238 move 789 399
13239 move 789 400
13241 move 789 402
13242 move 789 403
13243 move 789 406
13244 move 789 409
13245 move 789 411
13247 move 789 413
13266 move 789 415
13267 move 789 417
13268 move 789 419
13269 move 789 420
13271 move 789 421
13274 move 789 422
13275 move 789 424
13279 move 789 422
13282 move 790 420
13283 move 790 417
13284 move 790 415
13285 move 790 414
13286 move 790 413
13289 move 790 411
13308 lclick 12
13331 move 779 413
13332 move 764 416
13333 move 750 417
13334 move 717 414
13335 move 693 413
13336 move 688 413
13337 move 674 413
13338 move 665 413
13339 move 661 413
13340 move 652 411
13593 space 15
13619 space 6
13640 space 9
13677 space 6
13701 space 5
13733 space 8
13825 space 6
13854 space 5
13868 space 9
13902 space 4
13917 space 7
13973 space 10
13976 ctrl 9
13997 space 11
14003 ctrl 24
14051 space 18
14124 space 6
14139 ctrl 102
14249 space 9
14293 ctrl 36
14438 move 657 403
14439 move 673 387
14440 move 690 368
14441 move 707 352
14442 move 743 310
14443 move 761 289
14444 move 769 281
14445 move 771 278
14446 move 772 277
14447 move 772 276
14457 move 773 276
14458 move 783 263
14459 move 799 235
14460 move 799 214
14461 move 799 194
14462 move 799 161
14463 move 799 145
14464 move 799 138
14465 move 799 129
14466 move 799 117
14467 move 799 108
14468 move 799 103
14469 move 799 98
14470 move 799 93
14471 move 799 90
14472 move 799 89
14473 move 799 87
14474 move 799 84
14475 move 799 82
14477 move 799 81
14486 move 799 79
14487 move 799 76
14488 move 799 74
14489 move 799 72
14490 move 799 71
14491 move 799 70
14497 move 799 72
14498 move 799 87
14499 move 799 122
14500 move 780 147
14501 move 744 178
14502 move 718 201
14503 move 700 220
14504 move 686 237
14505 move 671 256
14506 move 657 277
14507 move 649 288
14508 move 641 298
14521 lclick 8
14539 lclick 7
14561 lclick 7
14623 lclick 12
14673 lclick 12
14760 lclick 11
14816 move 646 301
14817 move 670 314
14818 move 694 332
14819 move 704 341
14820 move 713 348
14821 move 721 355
14822 move 745 377
14823 move 755 386
14824 move 763 392
14825 move 767 396
14826 move 768 398
14827 move 771 400
14828 move 773 403
14829 move 779 409
14830 move 783 413
14831 move 785 415
14832 move 786 416
14841 move 786 415
14842 move 787 413
14843 move 787 411
14844 move 789 411
14851 move 789 410
14875 lclick 8
14894 move 776 413
14895 move 763 414
14896 move 725 410
14897 move 714 409
14898 move 706 409
14899 move 701 409
14900 move 699 409
14901 move 697 409
14912 move 696 409
14913 move 694 409
14914 move 693 408
14916 move 715 402
14917 move 752 403
14918 move 768 406
14919 move 772 407
14920 move 774 407
14921 move 775 407
14922 move 778 407
14923 move 780 406
14924 move 782 406
14925 move 783 406
14926 move 785 406
14927 move 786 407
14943 lclick 6
14958 move 768 409
14959 move 744 411
14960 move 720 410
14961 move 706 409
14962 move 700 409
14963 move 699 408
14972 move 694 406
14973 move 652 392
14974 move 630 387
14975 move 626 385
15323 ctrl 9
15364 ctrl 5
15386 ctrl 6
15492 ctrl 9
15526 ctrl 5
15551 ctrl 3
15613 ctrl 6
15678 ctrl 1
15747 lclick 10
15780 lclick 16
15797 lclick 10
15814 lclick 12
15837 lclick 15
15853 lclick 10
15872 lclick 11
15890 lclick 11
15909 lclick 16
15926 lclick 14
15941 lclick 12
15954 lclick 11
16009 lclick 12
16022 lclick 13
16036 lclick 9
16046 lclick 8
16055 lclick 9
16065 lclick 9
16075 lclick 10
16086 lclick 9
16096 lclick 11
16108 lclick 12
16121 lclick 11
16133 lclick 10
16157 lclick 13
16171 lclick 10
16188 lclick 13
16202 lclick 8
16216 lclick 8
16239 lclick 8
16248 lclick 10
16259 lclick 8
16268 lclick 5
16277 lclick 5
16289 lclick 4
16294 lclick 4
16312 lclick 3
16320 lclick 4
16331 lclick 3
16346 lclick 10
16385 lclick 10
16410 lclick 11
16464 lclick 13
16478 lclick 14
16493 lclick 9
16510 lclick 10
16526 lclick 14
16541 lclick 8
16558 lclick 10
16574 lclick 9
16591 lclick 8
16606 lclick 8
16621 lclick 8
16639 lclick 8
16652 lclick 7
16674 lclick 7
16687 lclick 8
16712 lclick 10
16778 lclick 10
16804 lclick 9
16828 lclick 7
16848 move 634 377
16849 move 675 334
16850 move 711 288
16851 move 736 257
16852 move 752 238
16853 move 766 224
16854 move 771 216
16855 move 771 215
16859 move 766 209
16860 move 771 158
16861 move 792 125
16862 move 799 108
16863 move 799 107
16870 move 799 89
16871 move 799 59
16872 move 799 48
16873 move 799 39
16874 move 799 31
16875 move 799 25
16876 move 799 21
16877 move 799 14
16878 move 799 9
16879 move 799 5
16880 move 799 2
16881 move 799 1
# End of recording at tick 16904.
