# Reference lead-in: the 2002 title screen, which our side does not have.
# はじめから (start) sits at about y=403 in 800x600 client coordinates.
150 move 400 403
200 lclick 3
# ERRATIC2: ERRATIC2-rec.txt, shifted by 235.
236 move 0 0
239 move 405 352
267 move 409 354
268 move 420 360
269 move 429 367
270 move 443 374
271 move 455 377
272 move 471 384
273 move 490 395
274 move 502 400
275 move 507 403
276 move 508 403
277 move 511 403
303 move 512 406
304 move 515 406
305 move 517 408
306 move 518 408
307 move 519 408
308 move 521 408
393 move 524 406
394 move 529 404
395 move 532 403
396 move 533 402
397 move 534 400
398 move 535 400
453 lclick 9
486 move 564 390
487 move 592 385
488 move 636 384
489 move 657 384
490 move 678 384
491 move 686 382
492 move 692 380
493 move 696 378
494 move 699 376
495 move 699 375
518 lclick 6
566 lclick 9
576 lclick 10
587 lclick 7
616 ctrl 84
712 ctrl 5
723 ctrl 22
748 ctrl 5
756 ctrl 5
764 ctrl 14
783 ctrl 5
791 ctrl 5
800 ctrl 1
805 ctrl 4
812 ctrl 36
850 ctrl 4
858 ctrl 3
864 ctrl 4
873 ctrl 8
896 ctrl 4
904 ctrl 2
908 ctrl 6
918 ctrl 5
926 ctrl 8
938 ctrl 3
943 ctrl 5
952 ctrl 6
962 ctrl 51
1016 ctrl 3
1022 ctrl 17
1046 ctrl 16
1072 ctrl 6
1081 ctrl 4
1089 ctrl 5
1097 ctrl 4
1105 ctrl 4
1128 lclick 8
1137 lclick 7
1145 lclick 8
1181 ctrl 16
1205 ctrl 5
1248 ctrl 5
1255 ctrl 4
1279 move 747 307
1280 move 762 276
1281 move 771 258
1282 move 774 252
1283 move 776 249
1284 move 776 248
1285 move 776 247
1286 move 779 240
1287 move 780 237
1289 move 785 225
1290 move 785 223
1291 move 786 223
1294 move 786 224
1295 move 787 228
1296 move 787 230
1298 move 789 231
1299 move 790 233
1300 move 791 234
1301 move 791 235
1308 move 791 236
1328 move 790 234
1329 move 790 231
1331 move 779 204
1332 move 778 198
1333 move 778 196
1336 move 778 195
1337 move 778 194
1340 move 778 193
1342 move 778 191
1343 move 778 188
1344 move 778 186
1345 move 779 183
1346 move 779 182
1347 move 779 179
1348 move 779 175
1349 move 780 171
1350 move 780 169
1351 move 780 166
1353 move 780 159
1354 move 782 156
1355 move 782 153
1356 move 783 150
1357 move 784 147
1358 move 784 145
1359 move 786 142
1360 move 786 140
1361 move 786 138
1363 move 786 137
1364 move 786 136
1379 move 786 137
1380 move 786 139
1381 move 786 140
1382 move 786 143
1383 move 786 146
1384 move 786 150
1385 move 786 153
1386 move 786 158
1387 move 786 162
1388 move 787 169
1389 move 789 176
1390 move 790 183
1391 move 790 187
1392 move 790 191
1393 move 791 200
1394 move 793 207
1395 move 794 219
1396 move 795 222
1397 move 795 230
1398 move 796 235
1399 move 797 237
1400 move 797 244
1401 move 797 248
1403 move 798 252
1404 move 798 254
1405 move 798 257
1406 move 798 260
1407 move 798 262
1408 move 798 263
1317 lclick 98
1435 move 787 272
1436 move 772 281
1437 move 751 291
1438 move 736 298
1439 move 723 302
1440 move 704 310
1441 move 691 316
1442 move 677 323
1443 move 665 327
1444 move 657 330
1445 move 653 331
1446 move 652 331
1448 move 648 331
1468 move 653 345
1469 move 677 366
1470 move 747 391
1471 move 790 410
1472 move 799 417
1473 move 799 418
1475 move 799 419
1476 move 799 424
1477 move 797 430
1478 move 787 435
1479 move 786 435
1480 move 784 436
1481 move 782 437
1482 move 782 438
1483 move 790 440
1484 move 795 440
1485 move 797 440
1486 move 798 440
1487 move 798 442
1488 move 798 443
1489 move 798 445
1490 move 798 449
1491 move 795 464
1492 move 790 483
1493 move 786 500
1494 move 782 522
1495 move 779 532
1496 move 779 536
1497 move 779 538
1498 move 779 539
1500 move 779 540
1504 move 779 541
1505 move 780 547
1506 move 784 554
1507 move 786 558
1508 move 787 562
1511 move 787 563
1522 move 787 561
1549 move 787 554
1550 move 787 549
1551 move 787 545
1552 move 787 543
1553 move 787 541
1557 move 787 539
1558 move 787 538
1559 move 787 537
1561 move 787 536
1562 move 787 533
1565 move 787 532
1577 move 787 533
1536 lclick 42
1590 move 779 532
1591 move 715 525
1592 move 691 522
1593 move 676 521
1594 move 670 520
1595 move 667 519
1607 lclick 10
1658 ctrl 3
1665 ctrl 3
1672 ctrl 26
1726 ctrl 3
1733 ctrl 15
1752 ctrl 5
1759 ctrl 5
1766 ctrl 32
1799 ctrl 5
1807 ctrl 3
1812 ctrl 4
1819 ctrl 7
1831 ctrl 9
1847 ctrl 8
1858 ctrl 3
1863 ctrl 6
1873 ctrl 5
1882 ctrl 6
1901 ctrl 5
1908 ctrl 13
1925 ctrl 3
1931 ctrl 7
1941 ctrl 5
1948 ctrl 24
1976 ctrl 6
1986 ctrl 5
1996 ctrl 5
2016 ctrl 5
2024 ctrl 45
2075 ctrl 6
2082 ctrl 23
2106 ctrl 8
2119 ctrl 4
2125 ctrl 6
2136 ctrl 4
2145 ctrl 7
2156 ctrl 5
2164 ctrl 3
2170 ctrl 8
2183 ctrl 8
2194 ctrl 8
2205 ctrl 6
2215 ctrl 4
2224 ctrl 7
2235 ctrl 4
2242 ctrl 3
2249 ctrl 6
2259 ctrl 5
2267 ctrl 6
2277 ctrl 6
2285 ctrl 8
2297 ctrl 6
2307 ctrl 7
2318 ctrl 5
2328 ctrl 5
2337 ctrl 7
2349 ctrl 28
2383 ctrl 3
2391 ctrl 5
2400 ctrl 8
2412 ctrl 6
2424 ctrl 6
2436 ctrl 7
2450 ctrl 5
2460 ctrl 6
2470 ctrl 5
2478 ctrl 5
2487 ctrl 33
2528 ctrl 6
2535 ctrl 7
2546 ctrl 5
2554 ctrl 23
2581 ctrl 6
2589 ctrl 29
2622 ctrl 4
2629 ctrl 4
2638 ctrl 2
2641 ctrl 26
2670 ctrl 5
2677 ctrl 44
2726 ctrl 5
2745 ctrl 15
2772 enter 7
2780 ctrl 42
2825 ctrl 37
2867 ctrl 4
2879 ctrl 4
2886 ctrl 5
2895 ctrl 234
3130 ctrl 7
3140 ctrl 10
3153 ctrl 5
3162 ctrl 8
3171 ctrl 76
3250 ctrl 5
3257 ctrl 5
3265 ctrl 51
3319 ctrl 4
3327 ctrl 5
3336 ctrl 4
3343 ctrl 6
3351 ctrl 7
3361 ctrl 6
3370 ctrl 9
3382 ctrl 16
3402 ctrl 8
3412 ctrl 5
3420 ctrl 15
3440 ctrl 6
3451 ctrl 5
3460 ctrl 30
3492 ctrl 6
3501 ctrl 19
3523 ctrl 4
3530 ctrl 17
3552 ctrl 6
3563 ctrl 39
3606 ctrl 13
3622 ctrl 7
3630 ctrl 30
3663 ctrl 23
3689 ctrl 5
3696 ctrl 44
3740 ctrl 17
3764 ctrl 29
3795 ctrl 5
3804 ctrl 5
3812 ctrl 10
3828 ctrl 5
3836 ctrl 4
3844 ctrl 7
3857 ctrl 21
3883 ctrl 7
3895 ctrl 4
3903 ctrl 6
3916 ctrl 5
3926 ctrl 30
3962 ctrl 7
3975 ctrl 5
3982 ctrl 14
4018 ctrl 39
4065 ctrl 4
4112 lclick 10
4123 lclick 10
4134 lclick 9
4144 lclick 8
4153 lclick 11
4165 lclick 11
4177 lclick 10
4188 lclick 8
4197 lclick 8
4206 lclick 7
4214 lclick 6
4221 lclick 5
4227 lclick 5
4233 lclick 4
4238 lclick 5
4244 lclick 3
4248 lclick 5
4254 lclick 3
4258 lclick 3
4262 lclick 4
4267 lclick 4
4272 lclick 3
4276 lclick 9
4286 lclick 10
4297 lclick 8
4306 lclick 7
4314 lclick 6
4321 lclick 6
4328 lclick 7
4336 lclick 5
4342 lclick 5
4348 lclick 4
4353 lclick 4
4358 lclick 5
4429 lclick 11
4536 move 694 516
4537 move 717 511
4538 move 736 501
4539 move 751 494
4540 move 767 489
4541 move 786 488
4542 move 794 489
4543 move 798 489
4544 move 799 489
4545 move 799 490
4547 move 799 493
4548 move 799 498
4549 move 799 501
4551 move 799 503
4555 move 799 501
4556 move 799 495
4557 move 799 489
4558 move 799 487
4559 move 799 486
4560 move 799 484
4561 move 799 482
4562 move 799 478
4563 move 799 473
4564 move 799 468
4565 move 799 462
4566 move 799 460
4567 move 799 458
4568 move 799 454
4569 move 799 450
4570 move 799 445
4571 move 799 443
4572 move 799 438
4573 move 799 435
4574 move 798 432
4575 move 797 429
4576 move 797 428
4577 move 797 427
4578 move 796 424
4579 move 796 421
4580 move 795 420
4581 move 795 418
4583 move 795 417
4584 move 795 416
4586 move 794 416
4587 move 793 416
4588 move 790 422
4589 move 790 425
4590 move 790 428
4591 move 790 429
4593 move 790 430
4594 move 790 431
4620 move 790 430
4625 move 790 429
4627 move 790 427
4629 move 790 426
4630 move 790 425
4642 move 790 424
4647 move 790 422
4648 move 790 421
4650 move 790 420
4653 move 789 419
4655 move 789 418
4664 move 789 417
4669 move 789 416
4670 move 789 415
4671 move 789 414
4676 move 789 413
4685 lclick 10
4716 move 774 418
4717 move 754 424
4718 move 739 426
4719 move 725 428
4720 move 717 430
4721 move 710 431
4722 move 707 432
4723 move 704 432
4724 move 703 432
4725 move 702 432
4746 move 701 432
4747 move 700 432
5370 move 686 431
5371 move 608 413
5372 move 479 389
5373 move 378 389
5374 move 299 395
5375 move 253 398
5376 move 244 399
5391 move 205 395
5392 move 165 385
5393 move 150 382
5394 move 134 378
5395 move 116 371
5396 move 107 366
5397 move 102 363
5398 move 99 361
5399 move 94 359
5400 move 87 357
5401 move 84 355
5402 move 81 355
5403 move 78 354
5404 move 74 352
5405 move 73 352
5454 lclick 10
5478 lclick 9
5488 lclick 9
5510 lclick 9
5535 lclick 11
5564 lclick 11
5588 lclick 11
5613 lclick 11
5643 lclick 11
5668 lclick 11
5695 lclick 10
5722 move 81 349
5723 move 114 342
5724 move 153 337
5725 move 160 336
5726 move 189 331
5727 move 221 321
5728 move 235 319
5729 move 248 316
5730 move 293 308
5731 move 312 305
5732 move 340 301
5733 move 357 298
5734 move 370 294
5735 move 389 289
5736 move 398 284
5737 move 410 278
5738 move 418 273
5739 move 427 269
5740 move 440 262
5741 move 447 257
5742 move 460 250
5743 move 464 248
5744 move 479 241
5745 move 487 238
5746 move 498 237
5747 move 503 237
5748 move 510 237
5749 move 515 237
5750 move 521 237
5751 move 532 235
5752 move 534 235
5753 move 537 235
5754 move 540 234
5755 move 543 233
5756 move 545 233
5757 move 546 233
5759 move 547 235
5760 move 547 241
5761 move 545 252
5762 move 543 258
5763 move 540 265
5764 move 533 281
5765 move 532 285
5766 move 524 298
5767 move 522 302
5768 move 519 313
5769 move 516 323
5770 move 511 339
5771 move 508 348
5772 move 506 356
5773 move 505 359
5774 move 505 360
5775 move 505 361
5777 move 506 360
5778 move 511 352
5779 move 517 341
5780 move 523 326
5781 move 530 308
5782 move 535 297
5783 move 543 281
5784 move 548 273
5785 move 553 262
5786 move 556 257
5787 move 558 254
5788 move 559 252
5789 move 561 250
5790 move 561 249
5791 move 562 248
5795 move 561 252
5796 move 556 263
5797 move 553 270
5798 move 544 286
5799 move 537 295
5800 move 532 305
5801 move 528 312
5802 move 524 320
5803 move 519 331
5804 move 519 334
5805 move 516 342
5806 move 514 345
5807 move 513 348
5808 move 513 349
5811 move 512 350
5812 move 511 352
5813 move 511 353
5819 move 515 349
5820 move 521 342
5821 move 532 326
5822 move 539 312
5823 move 545 299
5824 move 551 287
5825 move 559 273
5826 move 566 257
5827 move 569 250
5828 move 572 244
5829 move 574 240
5830 move 575 237
5844 lclick 11
6166 move 586 243
6167 move 594 245
6168 move 628 255
6169 move 652 262
6170 move 657 265
6171 move 667 269
6172 move 681 276
6173 move 703 294
6174 move 715 305
6175 move 725 317
6176 move 732 327
6177 move 738 334
6178 move 740 339
6179 move 743 342
6180 move 745 345
6181 move 747 346
6182 move 749 349
6183 move 750 352
6184 move 751 356
6185 move 753 361
6186 move 754 365
6187 move 755 368
6188 move 756 374
6189 move 758 378
6190 move 758 379
6192 move 761 384
6193 move 765 389
6194 move 767 392
6195 move 768 395
6197 move 769 397
6198 move 771 398
6199 move 771 399
6200 move 772 400
6207 move 774 402
6208 move 776 403
6209 move 779 404
6211 move 780 406
6212 move 782 406
6235 move 782 407
6253 lclick 11
6285 move 775 407
6286 move 758 408
6287 move 753 408
6288 move 735 408
6289 move 728 407
6290 move 708 406
6291 move 699 406
6292 move 692 404
6293 move 688 404
6294 move 686 404
6295 move 685 404
6317 move 689 404
6318 move 697 404
6319 move 704 404
6320 move 731 403
6322 move 739 404
6323 move 758 407
6324 move 762 408
6325 move 764 408
6326 move 767 408
6327 move 776 409
6328 move 784 411
6329 move 787 411
6330 move 791 411
6331 move 795 411
6332 move 799 413
6347 move 799 411
6348 move 797 411
6349 move 796 411
6357 move 795 411
6367 move 793 411
6368 move 792 411
6378 lclick 9
6404 move 779 414
6405 move 747 418
6406 move 726 418
6407 move 710 419
6408 move 705 419
6409 move 703 419
6410 move 701 419
6416 move 706 418
6417 move 717 415
6418 move 731 413
6419 move 734 411
6420 move 737 411
6421 move 738 411
6422 move 739 411
6490 move 739 413
6491 move 739 426
6492 move 736 440
6493 move 732 447
6494 move 726 453
6495 move 721 456
6496 move 721 457
6516 ctrl 42
6581 move 726 459
6582 move 750 472
6583 move 764 480
6584 move 767 483
6585 move 768 484
6586 move 769 484
6587 move 771 484
6599 move 772 483
6600 move 772 482
6601 move 773 480
6602 move 774 479
6603 move 776 475
6605 move 778 473
6606 move 778 472
6612 move 778 469
6614 move 779 469
6617 move 779 468
6618 move 779 467
6619 move 779 466
6620 move 780 465
6621 move 780 464
6638 move 780 462
6639 move 782 461
6642 move 782 460
6672 lclick 6
6717 move 779 460
6718 move 771 462
6719 move 753 467
6720 move 742 469
6721 move 732 471
6722 move 727 471
6723 move 725 471
6724 move 723 471
6725 move 722 471
6738 move 721 471
6739 move 718 473
6740 move 716 475
6741 move 711 477
6742 move 708 478
6743 move 707 479
6758 move 707 478
6759 move 706 478
6760 move 705 477
6761 move 703 475
6762 move 702 475
6763 move 701 473
6764 move 700 472
6765 move 699 472
6767 move 697 472
6768 move 693 472
6769 move 690 472
6770 move 689 471
6784 move 684 469
6785 move 664 461
6786 move 653 456
6787 move 643 451
6788 move 638 449
6789 move 634 447
6790 move 632 446
6791 move 632 445
6792 move 631 444
6793 move 630 444
6804 move 628 444
6805 move 626 444
6806 move 621 444
6807 move 616 443
6808 move 612 443
6809 move 606 443
6810 move 605 443
6811 move 604 443
6812 move 603 443
6813 move 602 443
6820 move 602 442
6821 move 601 440
6824 move 601 439
6826 move 601 438
6838 move 601 437
6859 move 602 437
6940 move 601 437
6941 move 597 436
6942 move 587 432
6943 move 581 430
6944 move 577 428
6945 move 574 426
6946 move 572 425
6947 move 569 424
6949 move 568 424
6950 move 567 424
6951 move 566 424
6957 move 565 424
6971 move 566 424
7171 lclick 10
7223 move 562 424
7224 move 561 422
7225 move 557 421
7226 move 556 421
7227 move 551 421
7228 move 548 420
7229 move 545 419
7230 move 543 418
7232 move 541 417
7233 move 540 417
7270 ctrl 335
7619 ctrl 6
7629 ctrl 43
7678 ctrl 53
7739 ctrl 4
7749 ctrl 3
7756 ctrl 4
7764 ctrl 4
7772 ctrl 30
7810 ctrl 6
7821 ctrl 4
7831 ctrl 5
7853 ctrl 6
7865 ctrl 5
7874 ctrl 39
7921 ctrl 6
7932 ctrl 5
7942 ctrl 23
7972 ctrl 6
7984 ctrl 4
7994 ctrl 21
8022 ctrl 7
8035 ctrl 5
8045 ctrl 24
8077 ctrl 5
8086 ctrl 7
8096 ctrl 16
8119 ctrl 4
8128 ctrl 5
8138 ctrl 6
8145 ctrl 9
8160 ctrl 5
8169 ctrl 5
8179 ctrl 33
8217 ctrl 6
8228 ctrl 29
8258 ctrl 11
8276 ctrl 6
8287 ctrl 22
8316 ctrl 6
8326 ctrl 37
8368 ctrl 44
8418 ctrl 8
8429 ctrl 7
8440 ctrl 51
8500 ctrl 4
8509 ctrl 93
8613 ctrl 3
8622 ctrl 4
8629 ctrl 5
8641 ctrl 5
8649 ctrl 31
8692 ctrl 41
8736 ctrl 7
8748 ctrl 7
8756 ctrl 20
8782 ctrl 5
8791 ctrl 6
8800 ctrl 29
8838 ctrl 6
8848 ctrl 7
8859 ctrl 35
8900 ctrl 5
8910 ctrl 6
8920 ctrl 20
8964 move 545 413
8965 move 559 398
8966 move 576 384
8967 move 592 371
8968 move 606 360
8969 move 615 355
8970 move 622 352
8971 move 631 347
8972 move 637 345
8973 move 646 338
8974 move 653 334
8975 move 660 328
8976 move 663 327
8977 move 670 323
8978 move 677 318
8979 move 681 315
8980 move 686 312
8981 move 688 310
8982 move 691 309
8983 move 694 307
8984 move 697 306
8985 move 699 305
8988 move 700 305
8991 move 701 305
8992 move 702 305
8993 move 703 305
8994 move 704 305
8995 move 706 305
8996 move 710 305
8997 move 717 305
8998 move 727 305
8999 move 732 305
9000 move 737 305
9001 move 739 305
9002 move 742 305
9004 move 743 303
9015 lclick 11
9054 lclick 11
9095 lclick 11
9126 lclick 10
9155 lclick 11
9251 move 739 303
9252 move 720 301
9253 move 712 299
9254 move 689 295
9255 move 677 294
9256 move 662 291
9257 move 659 290
9258 move 645 289
9259 move 642 288
9260 move 630 287
9261 move 628 287
9262 move 626 286
9263 move 624 286
9264 move 621 286
9265 move 620 286
9266 move 619 286
9267 move 616 286
9269 move 615 286
9280 lclick 11
9395 ctrl 6
9405 ctrl 3
9413 ctrl 4
9420 ctrl 3
9426 ctrl 6
9434 ctrl 5
9442 ctrl 3
9449 ctrl 4
9455 ctrl 32
9495 ctrl 4
9503 ctrl 9
9514 ctrl 20
9538 ctrl 5
9547 ctrl 4
9553 ctrl 19
9577 ctrl 6
9586 ctrl 25
9617 ctrl 8
9630 ctrl 31
9665 ctrl 4
9673 ctrl 18
9696 ctrl 4
9703 ctrl 3
9708 ctrl 17
9728 ctrl 3
9734 ctrl 1
9737 ctrl 79
9819 ctrl 13
9835 ctrl 4
9842 ctrl 4
9849 ctrl 16
9871 ctrl 3
9878 ctrl 4
9886 ctrl 6
9896 ctrl 6
9922 move 604 284
9923 move 573 276
9924 move 521 260
9925 move 473 248
9926 move 439 243
9927 move 418 238
9928 move 404 236
9929 move 392 233
9930 move 381 229
9931 move 367 222
9932 move 353 220
9933 move 340 222
9934 move 329 226
9935 move 318 230
9936 move 312 233
9937 move 307 236
9938 move 302 238
9939 move 293 244
9940 move 286 245
9941 move 280 246
9942 move 265 251
9943 move 257 252
9944 move 251 252
9945 move 248 252
9946 move 245 252
9947 move 244 252
9948 move 243 252
9949 move 241 251
9950 move 240 250
9954 move 240 249
9955 move 239 248
9956 move 239 247
9957 move 239 245
9958 move 239 244
9959 move 239 240
9960 move 239 238
9961 move 239 237
9962 move 239 236
9963 move 239 235
9965 move 239 233
9967 move 239 231
9991 move 240 231
9992 move 241 233
9993 move 245 234
9994 move 248 236
9995 move 259 240
9996 move 264 241
9997 move 280 245
9998 move 295 250
9999 move 304 252
10000 move 308 254
10001 move 309 254
10002 move 312 256
10003 move 314 259
10004 move 318 263
10024 move 311 265
10025 move 301 263
10026 move 274 241
10027 move 256 220
10028 move 250 209
10029 move 239 198
10030 move 236 196
10034 move 211 164
10035 move 200 146
10036 move 195 140
10037 move 190 135
10038 move 186 135
10039 move 184 135
10040 move 178 135
10041 move 174 133
10042 move 170 135
10043 move 167 136
10044 move 165 140
10045 move 163 149
10046 move 161 155
10047 move 160 161
10048 move 160 164
10049 move 160 169
10050 move 160 193
10051 move 160 205
10052 move 160 209
10053 move 160 212
10054 move 159 212
10055 move 158 215
10056 move 158 216
10057 move 157 218
10058 move 157 220
10059 move 155 230
10060 move 152 244
10061 move 149 254
10062 move 147 258
10063 move 146 258
10075 move 142 254
10076 move 120 234
10077 move 99 216
10078 move 94 209
10079 move 92 198
10081 move 94 191
10082 move 102 183
10083 move 113 177
10084 move 131 173
10085 move 146 173
10086 move 150 175
10087 move 150 179
10088 move 150 184
10089 move 143 199
10090 move 137 211
10091 move 135 214
10092 move 128 225
10093 move 119 236
10094 move 115 238
10095 move 114 240
10096 move 113 240
10098 move 114 235
10135 move 115 229
10136 move 131 189
10139 move 145 164
10141 move 138 175
10142 move 46 313
10143 move 18 352
10144 move 4 371
10145 move 1 373
10147 move 4 364
10148 move 69 276
10149 move 116 229
10150 move 135 219
10151 move 150 217
10152 move 152 217
10153 move 152 223
10154 move 123 270
10155 move 87 325
10156 move 70 348
10157 move 62 359
10158 move 59 360
10159 move 58 361
10160 move 65 345
10161 move 170 204
10162 move 205 177
10163 move 221 172
10164 move 226 172
10165 move 227 173
10166 move 228 176
10167 move 211 213
10168 move 197 235
10169 move 193 241
10170 move 192 243
10171 move 192 244
10174 move 192 243
10175 move 193 241
10176 move 196 238
10177 move 198 235
10178 move 200 233
10179 move 200 231
10180 move 203 230
10181 move 204 229
10182 move 210 225
10183 move 216 223
10184 move 222 222
10185 move 228 222
10186 move 233 222
10187 move 235 222
10189 move 236 226
10190 move 233 231
10191 move 226 244
10192 move 219 254
10193 move 212 262
10194 move 208 265
10195 move 207 266
10196 move 206 266
10249 move 216 214
10250 move 222 167
10251 move 223 156
10252 move 222 154
10253 move 221 153
10254 move 216 154
10255 move 211 156
10256 move 206 156
10257 move 200 156
10258 move 197 157
10259 move 193 159
10260 move 189 161
10261 move 185 164
10262 move 184 167
10263 move 184 168
10276 move 187 165
10277 move 208 151
10278 move 223 144
10279 move 247 135
10280 move 268 130
10281 move 283 127
10282 move 288 126
10283 move 290 126
10285 move 288 128
10286 move 283 132
10287 move 276 135
10288 move 272 135
10289 move 266 130
10290 move 264 121
10291 move 261 106
10292 move 257 90
10293 move 255 85
10294 move 253 82
10295 move 251 79
10299 move 251 77
10300 move 251 76
10304 move 247 83
10305 move 244 90
10306 move 243 96
10307 move 243 98
10308 move 243 99
10309 move 243 100
10310 move 243 101
10311 move 243 103
10312 move 243 105
10313 move 243 106
10381 move 240 108
10382 move 230 118
10383 move 227 121
10384 move 224 124
10385 move 221 129
10386 move 214 140
10387 move 203 155
10388 move 197 167
10389 move 190 180
10390 move 186 188
10391 move 185 190
10392 move 182 201
10393 move 179 207
10394 move 178 211
10395 move 176 214
10396 move 174 217
10397 move 174 218
10398 move 172 222
10399 move 171 222
10400 move 168 226
10401 move 168 227
10402 move 168 228
10403 move 167 229
10404 move 167 230
10407 move 166 230
10408 move 166 231
10409 move 165 233
10410 move 164 233
10412 lclick 10
10443 lclick 5
10453 lclick 7
10495 num3 7
10508 num3 6
10589 enter 82
10675 ctrl 17
10697 ctrl 3
10702 ctrl 14
10728 ctrl 3
10737 ctrl 1
10743 ctrl 54
10797 ctrl 12
10817 ctrl 16
10842 ctrl 7
10852 ctrl 4
10857 ctrl 6
10865 ctrl 6
10873 ctrl 412
11275 enter 59
11406 move 172 230
11407 move 189 227
11408 move 222 223
11409 move 248 220
11410 move 281 218
11411 move 309 219
11412 move 333 222
11413 move 340 223
11414 move 355 228
11415 move 367 233
11416 move 376 235
11417 move 387 240
11418 move 397 244
11419 move 399 245
11420 move 407 249
11421 move 410 250
11422 move 415 252
11423 move 420 254
11424 move 423 256
11425 move 426 258
11426 move 427 259
11427 move 428 259
11452 enter 8
11464 ctrl 19
11486 ctrl 17
11510 ctrl 4
11512 enter 6
11522 ctrl 7
11532 enter 7
11539 ctrl 50
11584 enter 10
11602 enter 14
11597 ctrl 49
11646 enter 15
11674 enter 7
11699 move 432 261
11700 move 451 269
11701 move 460 274
11702 move 462 276
11714 lclick 8
11723 lclick 12
11739 lclick 6
11746 lclick 7
11754 lclick 10
11764 ctrl 22
11789 ctrl 6
11802 ctrl 5
11812 ctrl 4
11823 ctrl 3
11832 ctrl 3
11841 ctrl 5
11849 ctrl 6
11858 ctrl 4
11865 ctrl 3
11874 ctrl 47
11954 move 465 276
11955 move 468 274
11956 move 469 274
11957 move 471 274
11960 move 473 274
11961 move 480 273
11981 ctrl 66
12076 move 486 273
12077 move 510 276
12078 move 535 280
12079 move 552 284
12081 move 580 294
12082 move 593 302
12083 move 601 308
12086 move 609 313
12087 move 612 314
12088 move 612 315
12089 move 614 316
12091 move 621 320
12092 move 625 323
12093 move 628 323
12094 move 628 324
12138 move 630 324
12139 move 631 324
12140 move 633 324
12143 move 642 326
12144 move 652 326
12145 move 660 326
12146 move 667 326
12147 move 673 326
12148 move 675 326
12149 move 678 326
12150 move 681 326
12151 move 683 326
12152 move 688 326
12153 move 695 326
12154 move 710 330
12155 move 729 339
12156 move 737 345
12157 move 744 349
12158 move 747 352
12159 move 751 353
12160 move 755 355
12161 move 758 357
12162 move 760 358
12163 move 762 359
12164 move 765 360
12165 move 767 361
12166 move 768 363
12167 move 771 363
12171 move 772 363
12172 move 773 363
12173 move 774 363
12174 move 776 363
12175 move 778 363
12176 move 779 360
12178 move 780 360
12184 move 782 359
12185 move 782 357
12186 move 782 353
12187 move 782 349
12188 move 782 345
12189 move 782 339
12190 move 782 332
12191 move 782 328
12192 move 782 321
12193 move 783 313
12194 move 783 305
12195 move 783 301
12196 move 783 298
12197 move 783 297
12198 move 783 296
12219 lclick 1
12221 lclick 6
12228 lclick 6
12240 lclick 8
12249 lclick 6
12256 lclick 7
12273 move 784 299
12274 move 784 305
12275 move 784 309
12276 move 785 313
12277 move 786 317
12278 move 787 323
12279 move 787 324
12280 move 789 330
12281 move 789 331
12282 move 789 332
12292 lclick 6
12299 lclick 8
12308 lclick 6
12315 lclick 5
12321 lclick 6
12328 lclick 5
12334 lclick 8
12343 lclick 8
12381 move 789 338
12382 move 790 355
12383 move 791 373
12384 move 791 379
12385 move 791 385
12386 move 791 393
12387 move 791 403
12388 move 791 411
12389 move 791 413
12390 move 791 418
12391 move 790 421
12392 move 790 426
12393 move 787 430
12394 move 787 432
12396 move 787 433
12397 move 787 435
12398 move 787 436
12399 move 785 438
12400 move 785 440
12401 move 784 442
12402 move 783 443
12404 move 783 444
12406 move 783 443
12407 move 782 424
12408 move 784 387
12409 move 786 373
12410 move 787 365
12411 move 789 361
12412 move 790 358
12413 move 790 355
12414 move 790 353
12415 move 790 352
12417 move 790 350
12418 move 790 349
12419 move 790 345
12420 move 790 342
12421 move 790 341
12422 move 790 339
12423 move 790 337
12424 move 790 335
12425 move 790 334
12449 move 790 335
12450 move 787 336
12451 move 787 337
12453 move 787 339
12471 lclick 11
12515 lclick 9
12525 lclick 9
12535 lclick 9
12564 move 787 359
12565 move 789 371
12566 move 791 388
12567 move 791 395
12568 move 792 406
12569 move 793 413
12570 move 793 425
12571 move 793 443
12572 move 792 450
12573 move 791 453
12574 move 791 457
12575 move 791 461
12576 move 791 465
12577 move 791 467
12578 move 792 472
12579 move 793 475
12581 move 793 476
12582 move 793 478
12583 move 793 483
12584 move 793 484
12586 move 793 489
12588 move 793 494
12589 move 793 498
12590 move 793 503
12591 move 792 506
12592 move 791 509
12593 move 790 512
12597 move 790 514
12598 move 787 517
12599 move 786 518
12600 move 784 519
12610 move 783 520
12611 move 782 522
12614 move 779 525
12615 move 776 526
12616 move 773 529
12617 move 768 530
12618 move 756 530
12619 move 742 529
12620 move 728 527
12621 move 711 525
12622 move 696 521
12623 move 681 516
12624 move 670 511
12625 move 667 509
12626 move 666 508
12627 move 665 507
12628 move 664 506
12647 lclick 11
12767 ctrl 27
12834 ctrl 79
12928 ctrl 25
12974 ctrl 65
13066 ctrl 39
13125 ctrl 253
13412 move 664 504
13413 move 670 496
13414 move 678 485
13415 move 681 482
13416 move 683 479
13417 move 685 476
13418 move 686 475
13419 move 688 471
13420 move 689 469
13421 move 691 466
13422 move 696 461
13423 move 699 457
13424 move 704 451
13425 move 710 446
13426 move 722 431
13427 move 725 428
13429 move 739 414
13430 move 749 404
13431 move 760 396
13432 move 765 392
13433 move 768 389
13434 move 771 387
13435 move 773 384
13436 move 775 382
13438 move 778 378
13439 move 779 377
13441 move 782 374
13442 move 784 371
13443 move 785 370
13444 move 786 368
13448 move 787 368
13456 move 787 371
13457 move 789 371
13458 move 789 374
13459 move 789 375
13460 move 789 378
13461 move 789 380
13462 move 789 382
13464 move 789 384
13465 move 789 387
13466 move 789 389
13467 move 789 392
13468 move 789 395
13469 move 789 396
13470 move 789 397
13472 move 789 398
13473 move 789 399
13474 move 789 400
13476 move 789 402
13477 move 789 403
13478 move 789 406
13479 move 789 409
13480 move 789 411
13482 move 789 413
13501 move 789 415
13502 move 789 417
13503 move 789 419
13504 move 789 420
13506 move 789 421
13509 move 789 422
13510 move 789 424
13514 move 789 422
13517 move 790 420
13518 move 790 417
13519 move 790 415
13520 move 790 414
13521 move 790 413
13524 move 790 411
13543 lclick 12
13566 move 779 413
13567 move 764 416
13568 move 750 417
13569 move 717 414
13570 move 693 413
13571 move 688 413
13572 move 674 413
13573 move 665 413
13574 move 661 413
13575 move 652 411
13828 space 15
13854 space 6
13875 space 9
13912 space 6
13936 space 5
13968 space 8
14060 space 6
14089 space 5
14103 space 9
14137 space 4
14152 space 7
14208 space 10
14211 ctrl 9
14232 space 11
14238 ctrl 24
14286 space 18
14359 space 6
14374 ctrl 102
14484 space 9
14528 ctrl 36
14673 move 657 403
14674 move 673 387
14675 move 690 368
14676 move 707 352
14677 move 743 310
14678 move 761 289
14679 move 769 281
14680 move 771 278
14681 move 772 277
14682 move 772 276
14692 move 773 276
14693 move 783 263
14694 move 799 235
14695 move 799 214
14696 move 799 194
14697 move 799 161
14698 move 799 145
14699 move 799 138
14700 move 799 129
14701 move 799 117
14702 move 799 108
14703 move 799 103
14704 move 799 98
14705 move 799 93
14706 move 799 90
14707 move 799 89
14708 move 799 87
14709 move 799 84
14710 move 799 82
14712 move 799 81
14721 move 799 79
14722 move 799 76
14723 move 799 74
14724 move 799 72
14725 move 799 71
14726 move 799 70
14732 move 799 72
14733 move 799 87
14734 move 799 122
14735 move 780 147
14736 move 744 178
14737 move 718 201
14738 move 700 220
14739 move 686 237
14740 move 671 256
14741 move 657 277
14742 move 649 288
14743 move 641 298
14756 lclick 8
14774 lclick 7
14796 lclick 7
14858 lclick 12
14908 lclick 12
14995 lclick 11
15051 move 646 301
15052 move 670 314
15053 move 694 332
15054 move 704 341
15055 move 713 348
15056 move 721 355
15057 move 745 377
15058 move 755 386
15059 move 763 392
15060 move 767 396
15061 move 768 398
15062 move 771 400
15063 move 773 403
15064 move 779 409
15065 move 783 413
15066 move 785 415
15067 move 786 416
15076 move 786 415
15077 move 787 413
15078 move 787 411
15079 move 789 411
15086 move 789 410
15110 lclick 8
15129 move 776 413
15130 move 763 414
15131 move 725 410
15132 move 714 409
15133 move 706 409
15134 move 701 409
15135 move 699 409
15136 move 697 409
15147 move 696 409
15148 move 694 409
15149 move 693 408
15151 move 715 402
15152 move 752 403
15153 move 768 406
15154 move 772 407
15155 move 774 407
15156 move 775 407
15157 move 778 407
15158 move 780 406
15159 move 782 406
15160 move 783 406
15161 move 785 406
15162 move 786 407
15178 lclick 6
15193 move 768 409
15194 move 744 411
15195 move 720 410
15196 move 706 409
15197 move 700 409
15198 move 699 408
15207 move 694 406
15208 move 652 392
15209 move 630 387
15210 move 626 385
15558 ctrl 9
15599 ctrl 5
15621 ctrl 6
15727 ctrl 9
15761 ctrl 5
15786 ctrl 3
15848 ctrl 6
15913 ctrl 1
15982 lclick 10
16015 lclick 16
16032 lclick 10
16049 lclick 12
16072 lclick 15
16088 lclick 10
16107 lclick 11
16125 lclick 11
16144 lclick 16
16161 lclick 14
16176 lclick 12
16189 lclick 11
16244 lclick 12
16257 lclick 13
16271 lclick 9
16281 lclick 8
16290 lclick 9
16300 lclick 9
16310 lclick 10
16321 lclick 9
16331 lclick 11
16343 lclick 12
16356 lclick 11
16368 lclick 10
16392 lclick 13
16406 lclick 10
16423 lclick 13
16437 lclick 8
16451 lclick 8
16474 lclick 8
16483 lclick 10
16494 lclick 8
16503 lclick 5
16512 lclick 5
16524 lclick 4
16529 lclick 4
16547 lclick 3
16555 lclick 4
16566 lclick 3
16581 lclick 10
16620 lclick 10
16645 lclick 11
16699 lclick 13
16713 lclick 14
16728 lclick 9
16745 lclick 10
16761 lclick 14
16776 lclick 8
16793 lclick 10
16809 lclick 9
16826 lclick 8
16841 lclick 8
16856 lclick 8
16874 lclick 8
16887 lclick 7
16909 lclick 7
16922 lclick 8
16947 lclick 10
17013 lclick 10
17039 lclick 9
17063 lclick 7
17083 move 634 377
17084 move 675 334
17085 move 711 288
17086 move 736 257
17087 move 752 238
17088 move 766 224
17089 move 771 216
17090 move 771 215
17094 move 766 209
17095 move 771 158
17096 move 792 125
17097 move 799 108
17098 move 799 107
17105 move 799 89
17106 move 799 59
17107 move 799 48
17108 move 799 39
17109 move 799 31
17110 move 799 25
17111 move 799 21
17112 move 799 14
17113 move 799 9
17114 move 799 5
17115 move 799 2
17116 move 799 1
