# Reference lead-in: the 2002 title screen, which our side does not have.
# はじめから (start) sits at about y=403 in 800x600 client coordinates.
150 move 400 403
200 lclick 3
# ERRATIC1: ERRATIC1-rec.txt, shifted by 235.
236 move 0 0
239 move 352 418
504 ctrl 8
522 ctrl 6
533 ctrl 6
557 enter 7
583 enter 6
598 enter 3
609 enter 7
623 enter 3
647 enter 3
717 enter 6
728 enter 5
737 enter 4
745 enter 6
753 enter 7
764 enter 5
773 enter 5
783 enter 4
1040 move 357 411
1041 move 380 391
1042 move 399 376
1043 move 486 319
1044 move 535 294
1045 move 561 286
1046 move 588 280
1047 move 598 278
1048 move 609 277
1049 move 624 277
1050 move 634 278
1051 move 642 280
1052 move 655 284
1053 move 667 287
1054 move 686 296
1055 move 699 302
1056 move 710 307
1057 move 722 310
1058 move 729 312
1059 move 734 312
1060 move 735 312
1061 move 737 310
1062 move 739 310
1064 move 740 310
1067 move 742 310
1068 move 745 310
1069 move 746 310
1070 move 750 310
1071 move 758 310
1072 move 761 310
1073 move 767 308
1074 move 771 307
1075 move 774 306
1076 move 775 305
1077 move 779 302
1078 move 782 302
1079 move 784 302
1080 move 785 302
1081 move 787 301
1082 move 789 301
1083 move 790 301
1087 move 789 301
1088 move 779 298
1089 move 769 296
1090 move 750 295
1091 move 735 295
1092 move 727 296
1093 move 689 299
1094 move 668 301
1095 move 638 302
1096 move 621 302
1097 move 614 302
1098 move 588 305
1099 move 575 307
1100 move 556 309
1101 move 543 310
1102 move 533 310
1103 move 525 312
1104 move 515 313
1105 move 511 313
1107 move 506 313
1108 move 504 313
1109 move 500 313
1110 move 497 315
1111 move 494 316
1112 move 491 316
1113 move 487 317
1114 move 486 317
1115 move 485 317
1117 move 484 317
1152 lclick 9
1270 move 491 313
1271 move 545 289
1272 move 609 257
1273 move 671 226
1274 move 697 214
1275 move 720 204
1276 move 725 201
1277 move 731 200
1278 move 733 200
1279 move 737 201
1280 move 740 204
1281 move 742 208
1282 move 743 209
1283 move 744 212
1284 move 744 213
1286 move 744 214
1290 move 744 215
1292 move 744 216
1293 move 745 218
1294 move 746 219
1295 move 747 220
1296 move 747 222
1297 move 750 224
1298 move 755 229
1299 move 760 233
1300 move 767 238
1301 move 772 241
1302 move 775 243
1303 move 778 244
1304 move 779 245
1305 move 782 246
1307 move 783 247
1308 move 784 247
1309 move 784 248
1312 move 785 248
1317 move 786 248
1344 move 785 246
1345 move 785 244
1346 move 784 228
1347 move 785 202
1348 move 787 179
1349 move 789 171
1350 move 789 168
1351 move 789 165
1352 move 789 164
1353 move 789 161
1354 move 787 159
1355 move 787 156
1356 move 787 151
1357 move 787 148
1358 move 787 144
1359 move 787 143
1360 move 787 140
1362 move 787 138
1363 move 787 136
1364 move 787 135
1365 move 787 133
1367 move 787 132
1388 move 787 129
1389 move 787 128
1390 move 787 120
1391 move 787 114
1392 move 787 108
1393 move 787 101
1394 move 787 99
1395 move 787 97
1396 move 787 96
1397 move 787 94
1398 move 787 93
1400 move 787 92
1402 move 787 90
1403 move 787 86
1404 move 787 82
1405 move 787 79
1406 move 787 74
1407 move 787 72
1408 move 787 71
1409 move 787 68
1411 move 787 67
1334 lclick 81
1426 move 787 68
1428 move 787 71
1429 move 789 76
1430 move 789 82
1431 move 789 90
1432 move 789 101
1433 move 789 108
1434 move 789 114
1435 move 789 117
1438 move 789 118
1439 move 790 124
1440 move 792 135
1441 move 799 167
1442 move 799 180
1443 move 799 186
1444 move 799 188
1445 move 799 189
1446 move 799 190
1447 move 799 191
1448 move 799 193
1450 move 799 194
1451 move 799 195
1452 move 799 196
1453 move 799 197
1454 move 799 198
1455 move 799 201
1456 move 798 204
1457 move 798 207
1458 move 798 212
1459 move 798 213
1460 move 798 216
1461 move 797 218
1462 move 796 220
1463 move 796 222
1464 move 795 225
1465 move 793 230
1466 move 793 231
1467 move 792 233
1468 move 791 236
1469 move 790 237
1470 move 790 240
1472 move 790 243
1473 move 790 244
1474 move 789 245
1475 move 789 247
1477 move 787 248
1478 move 787 249
1492 move 789 238
1495 move 789 228
1496 move 789 135
1497 move 789 126
1498 move 789 120
1499 move 789 110
1500 move 789 106
1501 move 789 97
1502 move 789 93
1503 move 789 92
1504 move 789 82
1505 move 789 79
1506 move 787 72
1507 move 787 67
1508 move 787 66
1509 move 786 59
1510 move 785 55
1511 move 784 50
1512 move 783 47
1513 move 783 45
1514 move 782 41
1515 move 782 38
1516 move 782 35
1517 move 782 32
1518 move 782 29
1519 move 782 28
1520 move 782 25
1521 move 782 23
1522 move 782 21
1524 move 782 20
1485 lclick 43
1530 move 780 25
1531 move 779 31
1532 move 779 36
1533 move 769 68
1534 move 766 79
1535 move 753 108
1536 move 750 117
1537 move 739 140
1538 move 731 159
1539 move 728 164
1540 move 724 171
1541 move 724 172
1542 move 723 172
1543 move 722 173
1545 lclick 9
1566 lclick 6
1581 move 731 175
1582 move 738 175
1583 move 755 178
1584 move 776 180
1585 move 779 180
1587 move 782 180
1589 move 783 182
1591 move 784 183
1592 move 786 185
1593 move 787 191
1594 move 790 201
1596 move 790 206
1597 move 790 207
1598 move 790 213
1599 move 790 218
1600 move 790 225
1601 move 790 229
1602 move 790 233
1603 move 789 236
1604 move 789 240
1605 move 787 244
1606 move 787 248
1607 move 787 252
1608 move 787 254
1610 move 787 255
1611 move 787 256
1612 move 787 257
1624 move 787 254
1625 move 790 227
1626 move 792 204
1627 move 791 178
1628 move 789 160
1629 move 786 147
1630 move 782 129
1631 move 780 115
1632 move 779 107
1633 move 779 101
1634 move 779 100
1635 move 779 99
1619 lclick 19
1639 move 778 104
1640 move 778 108
1641 move 778 149
1642 move 779 183
1643 move 779 216
1644 move 779 235
1645 move 779 245
1646 move 779 252
1647 move 779 258
1648 move 779 265
1649 move 779 270
1650 move 779 273
1651 move 779 276
1652 move 782 279
1653 move 782 280
1654 move 782 281
1655 move 783 285
1656 move 787 292
1657 move 793 305
1658 move 795 313
1659 move 796 313
1661 move 798 303
1662 move 794 274
1663 move 793 263
1664 move 792 261
1665 move 792 259
1668 move 790 261
1669 move 789 269
1670 move 786 278
1671 move 784 283
1672 move 783 284
1675 move 784 284
1676 move 785 284
1677 move 786 284
1678 move 787 281
1679 move 787 272
1680 move 787 265
1682 move 787 272
1683 move 787 285
1684 move 785 291
1686 move 785 288
1687 move 786 267
1688 move 786 260
1690 move 786 261
1691 move 785 269
1692 move 784 270
1693 move 784 266
1694 move 784 258
1695 move 785 254
1696 move 785 252
1698 move 784 256
1699 move 783 265
1700 move 782 268
1702 move 783 262
1703 move 786 246
1704 move 787 241
1705 move 787 240
1716 move 790 230
1717 move 797 206
1718 move 798 201
1719 move 798 196
1720 move 798 193
1721 move 797 185
1722 move 794 172
1723 move 792 161
1724 move 790 144
1725 move 790 136
1726 move 789 127
1727 move 789 117
1728 move 789 108
1729 move 789 92
1730 move 790 82
1731 move 790 76
1732 move 790 71
1733 move 790 65
1734 move 790 60
1735 move 790 59
1736 move 790 55
1737 move 790 50
1738 move 790 47
1739 move 790 42
1740 move 790 39
1741 move 790 37
1742 move 790 34
1743 move 790 32
1744 move 790 30
1745 move 790 28
1746 move 790 25
1747 move 790 23
1748 move 790 21
1769 move 789 21
1770 move 789 20
1771 move 787 16
1772 move 787 14
1773 move 787 10
1774 move 787 9
1775 move 787 7
1776 move 787 6
1777 move 787 5
1783 move 787 6
1784 move 787 8
1785 move 787 10
1710 lclick 75
1786 move 787 12
1787 move 787 13
1788 move 787 15
1789 move 787 17
1790 move 787 20
1792 move 786 23
1793 move 783 32
1794 move 779 49
1795 move 766 82
1796 move 757 103
1797 move 744 129
1798 move 734 148
1799 move 725 161
1800 move 716 176
1801 move 710 184
1802 move 707 187
1803 move 707 188
1804 move 706 189
1812 move 705 190
1813 move 704 191
1814 move 702 194
1815 move 699 199
1816 move 696 204
1817 move 690 212
1818 move 686 216
1819 move 684 220
1820 move 683 222
1821 move 682 222
1823 move 681 222
1824 move 683 224
1825 move 688 230
1826 move 700 241
1827 move 711 252
1828 move 721 267
1829 move 736 294
1830 move 742 308
1831 move 750 325
1832 move 753 332
1833 move 755 336
1834 move 756 338
1835 move 757 339
1836 move 758 339
1845 move 758 341
1846 move 760 342
1847 move 763 345
1848 move 772 355
1849 move 774 356
1850 move 776 359
1851 move 778 360
1852 move 779 360
1853 move 780 360
1855 move 782 360
1858 move 783 359
1863 move 783 354
1864 move 785 345
1865 move 787 331
1866 move 787 317
1867 move 790 305
1868 move 791 295
1869 move 792 291
1870 move 792 288
1871 move 792 287
1873 move 792 286
1877 move 791 285
1886 move 790 285
1888 move 790 286
1889 lclick 7
1910 lclick 6
1922 lclick 7
1945 lclick 8
1970 lclick 7
1982 lclick 6
1994 lclick 7
2017 move 789 286
2019 move 787 288
2020 move 785 291
2021 move 784 294
2022 move 782 299
2023 move 782 305
2024 move 779 313
2025 move 779 319
2026 move 779 327
2027 move 779 338
2028 move 779 342
2029 move 779 347
2030 move 779 349
2031 move 779 350
2032 move 779 352
2034 move 779 353
2035 move 779 354
2036 move 778 355
2038 move 778 356
2047 move 775 356
2048 move 764 359
2049 move 753 360
2050 move 739 360
2051 move 733 360
2052 move 729 359
2053 move 728 358
2054 move 727 357
2057 move 727 356
2058 move 726 354
2059 move 729 350
2060 move 732 348
2061 move 754 335
2062 move 765 331
2063 move 776 325
2064 move 780 324
2065 move 782 323
2066 move 784 323
2068 move 785 323
2073 move 785 321
2074 move 784 317
2075 move 783 313
2076 move 782 309
2077 move 782 306
2078 move 780 305
2079 move 780 302
2088 move 782 301
2089 move 782 299
2090 move 782 298
2091 move 783 296
2093 move 784 294
2108 lclick 5
2120 lclick 6
2132 lclick 5
2161 move 782 294
2162 move 780 294
2163 move 768 299
2164 move 760 303
2165 move 746 307
2166 move 735 310
2167 move 721 313
2168 move 711 314
2169 move 697 316
2170 move 690 318
2171 move 684 319
2172 move 681 320
2173 move 676 320
2174 move 673 320
2175 move 671 320
2176 move 670 320
2177 move 668 320
2239 move 659 323
2240 move 653 323
2241 move 634 326
2242 move 625 326
2243 move 615 327
2244 move 610 327
2245 move 606 327
2246 move 605 327
2247 move 601 327
2248 move 598 327
2249 move 596 327
2250 move 593 328
2251 move 592 329
2252 move 591 329
2253 move 590 329
2254 move 588 330
2270 move 587 330
2271 move 586 331
2272 move 583 331
2273 move 575 331
2274 move 567 331
2275 move 557 331
2276 move 554 330
2277 move 544 329
2278 move 540 329
2279 move 532 329
2280 move 529 329
2281 move 525 329
2282 move 522 328
2283 move 519 327
2284 move 517 327
2285 move 516 326
2286 move 515 326
2500 lclick 8
2533 move 516 325
2534 move 525 323
2535 move 543 324
2536 move 575 331
2537 move 620 347
2538 move 641 356
2539 move 656 363
2540 move 673 373
2541 move 686 381
2542 move 710 395
2543 move 721 403
2544 move 727 406
2545 move 740 413
2546 move 742 413
2547 move 746 414
2548 move 747 414
2563 move 765 436
2564 move 772 445
2565 move 773 448
2566 move 775 450
2567 move 775 451
2568 move 776 451
2570 move 776 453
2572 move 776 454
2588 move 778 454
2589 move 779 455
2591 move 780 455
2592 move 782 455
2595 move 783 455
2598 move 783 456
2600 move 783 457
2601 move 783 458
2602 move 783 461
2603 move 784 462
2606 move 784 464
2608 move 784 465
2609 move 784 466
2610 move 784 467
2613 move 784 468
2614 move 784 469
2626 move 783 466
2627 move 782 461
2628 move 776 454
2629 move 772 450
2630 move 762 444
2631 move 752 442
2632 move 735 439
2633 move 723 439
2634 move 714 439
2635 move 705 439
2636 move 699 439
2637 move 693 439
2638 move 689 438
2639 move 686 438
2640 move 685 437
2646 lclick 5
2656 lclick 8
2668 lclick 5
2680 lclick 4
2742 ctrl 6
2752 ctrl 6
2761 ctrl 5
2784 move 686 436
2785 move 693 432
2786 move 706 422
2787 move 721 411
2788 move 738 399
2789 move 742 396
2790 move 745 393
2791 move 746 392
2792 move 747 392
2793 move 747 391
2798 move 749 391
2799 move 750 390
2800 move 753 389
2801 move 754 389
2802 move 755 389
2803 move 756 388
2806 move 756 387
2808 move 754 384
2809 move 746 381
2810 move 742 380
2811 move 731 378
2812 move 725 376
2813 move 718 375
2814 move 717 374
2815 move 713 374
2816 move 712 374
2817 move 711 374
2911 rclick 8
2933 move 697 371
2934 move 663 352
2935 move 649 343
2936 move 638 338
2937 move 636 336
2938 move 631 332
2939 move 630 331
2940 move 628 331
2943 rclick 5
2959 move 653 342
2960 move 742 374
2961 move 753 379
2962 move 755 379
2972 move 756 379
2973 move 758 378
2974 move 762 376
2975 move 768 375
2976 move 774 375
2977 move 779 374
2978 move 784 374
2979 move 786 374
2980 move 787 374
2981 move 789 374
2985 move 790 373
2991 move 790 371
3000 move 790 370
3001 move 790 366
3002 move 790 363
3003 move 790 360
3007 move 789 360
3008 move 787 363
3009 move 785 368
3010 move 783 374
3011 move 782 380
3012 move 782 384
3013 move 782 388
3014 move 782 393
3015 move 782 400
3016 move 782 406
3017 move 783 413
3018 move 785 421
3019 move 786 425
3020 move 786 428
3021 move 786 433
3022 move 786 438
3023 move 786 443
3024 move 786 447
3025 move 786 451
3026 move 786 456
3027 move 785 462
3028 move 785 465
3029 move 785 471
3030 move 785 477
3031 move 785 482
3032 move 784 485
3033 move 784 486
3039 move 785 472
3040 move 787 453
3041 move 787 440
3042 move 787 432
3043 move 787 422
3044 move 790 410
3045 move 790 400
3046 move 790 391
3047 move 790 384
3048 move 790 371
3049 move 790 364
3050 move 790 359
3051 move 790 354
3052 move 790 353
3055 move 789 353
3056 move 787 360
3057 move 787 382
3058 move 787 411
3059 move 787 425
3060 move 787 431
3061 move 787 432
3062 move 787 433
3063 move 787 435
3065 move 787 436
3066 move 787 437
3068 move 787 438
3069 move 787 442
3070 move 787 445
3071 move 787 447
3072 move 787 449
3073 move 787 450
3074 move 787 451
3089 lclick 5
3105 move 776 451
3106 move 751 453
3107 move 728 453
3108 move 711 453
3109 move 703 453
3110 move 699 453
3116 move 700 454
3117 move 712 458
3118 move 727 461
3119 move 742 464
3120 move 749 464
3121 move 752 464
3123 move 753 464
3124 move 754 464
3129 move 760 465
3130 move 771 466
3131 move 779 466
3132 move 782 466
3133 move 784 466
3134 move 786 464
3135 move 787 464
3136 move 789 462
3137 move 790 461
3138 move 793 459
3140 move 794 459
3141 move 795 458
3142 move 796 457
3143 move 797 457
3151 move 791 456
3152 move 787 455
3153 move 785 454
3154 move 783 453
3155 move 782 453
3172 lclick 7
3183 lclick 5
3192 lclick 9
3230 rclick 7
3252 move 780 449
3253 move 782 418
3254 move 784 376
3255 move 787 347
3256 move 790 334
3257 move 792 319
3258 move 792 309
3259 move 792 296
3260 move 790 280
3261 move 790 273
3262 move 789 270
3263 move 789 268
3264 move 789 267
3266 move 789 266
3267 move 789 265
3273 move 787 265
3274 move 787 268
3275 move 786 272
3276 move 784 281
3277 move 782 291
3278 move 782 308
3279 move 782 320
3280 move 782 334
3281 move 782 349
3282 move 779 363
3283 move 778 382
3284 move 779 443
3285 move 784 479
3286 move 791 517
3287 move 794 530
3288 move 795 539
3289 move 795 540
3290 move 795 543
3294 move 795 544
3297 move 794 544
3298 move 794 545
3300 move 794 546
3301 move 794 547
3302 move 794 550
3303 move 794 551
3304 move 794 552
3305 move 794 554
3315 move 793 554
3317 move 793 555
3321 move 792 556
3322 move 791 557
3335 move 791 555
3336 move 791 551
3337 move 791 546
3338 move 791 544
3339 move 791 541
3340 move 791 539
3341 move 791 537
3342 move 791 533
3343 move 791 530
3344 move 791 526
3345 move 791 523
3346 move 791 520
3347 move 791 518
3348 move 791 516
3349 move 791 515
3351 move 791 514
3361 move 790 516
3363 move 789 520
3364 move 787 522
3365 move 787 523
3366 move 787 526
3367 move 787 529
3368 move 786 530
3369 move 786 536
3370 move 785 538
3371 move 785 543
3372 move 785 547
3373 move 785 550
3374 move 785 555
3375 move 785 559
3376 move 785 562
3377 move 785 565
3378 move 785 566
3379 move 785 568
3381 move 785 569
3382 move 785 570
3327 lclick 61
3401 move 784 570
3402 move 783 573
3403 move 783 574
3404 move 782 576
3405 move 782 578
3406 move 782 579
3407 move 782 581
3415 move 783 580
3416 move 784 579
3417 move 785 575
3418 move 785 574
3419 move 786 570
3420 move 787 570
3421 move 787 568
3422 move 787 567
3423 move 787 565
3425 move 787 563
3426 move 787 562
3427 move 789 559
3428 move 790 557
3429 move 790 556
3430 move 790 555
3431 move 790 554
3441 move 790 555
3444 move 790 556
3447 move 790 557
3449 move 790 558
3450 move 789 558
3451 move 789 559
3453 move 787 559
3455 move 787 561
3473 move 789 554
3474 move 790 544
3475 move 790 533
3477 move 790 517
3478 move 790 511
3479 move 790 508
3480 move 790 504
3481 move 790 501
3482 move 790 500
3483 move 790 497
3484 move 790 496
3486 move 790 495
3493 move 789 495
3495 move 787 496
3496 move 787 497
3465 lclick 31
3498 move 786 498
3499 move 785 498
3501 move 785 500
3502 move 784 501
3505 move 783 503
3506 move 782 504
3507 move 779 507
3508 move 778 508
3509 move 772 512
3510 move 771 514
3511 move 768 515
3512 move 766 518
3513 move 762 522
3514 move 760 522
3515 move 756 528
3516 move 753 530
3517 move 750 533
3518 move 749 536
3519 move 744 540
3520 move 742 541
3521 move 736 546
3522 move 731 548
3523 move 725 550
3524 move 720 551
3525 move 710 552
3526 move 706 552
3527 move 689 548
3528 move 672 543
3529 move 661 536
3530 move 656 533
3531 move 650 529
3532 move 646 527
3533 move 645 525
3534 move 643 523
3535 move 642 522
3536 move 641 520
3537 move 641 518
3538 move 641 514
3539 move 641 511
3540 move 641 504
3541 move 641 494
3542 move 643 488
3543 move 644 483
3544 move 644 480
3545 move 645 477
3546 move 645 476
3547 move 646 475
3548 move 646 473
3549 move 646 472
3551 move 646 471
3558 move 646 469
3560 move 646 466
3561 move 646 464
3562 move 648 462
3563 move 648 461
3565 lclick 7
3576 move 649 460
3577 move 649 458
3578 move 652 453
3579 move 653 448
3580 move 654 447
3581 move 657 440
3582 move 660 435
3583 move 661 432
3584 move 662 431
3585 move 664 427
3587 move 665 425
3588 move 666 424
3589 move 667 422
3594 lclick 8
3697 move 667 415
3698 move 675 323
3699 move 684 269
3701 move 711 172
3702 move 721 149
3703 move 725 140
3704 move 734 122
3705 move 742 111
3706 move 743 108
3721 move 769 88
3722 move 794 71
3723 move 799 58
3724 move 799 49
3725 move 799 42
3726 move 799 32
3727 move 799 30
3728 move 799 29
3729 move 799 28
3731 move 799 27
3746 move 799 26
3747 move 799 23
3749 move 799 13
3750 move 799 8
3751 move 799 2
3752 move 799 1
