# ERRATIC1: ERRATIC1-rec.txt, as recorded - scenario ticks.
# Recorded input, scenario ticks (the port's trace ticks).
# Turn into a comparison pair with
#     reference/scripts/make_pair.py <name> --recording ERRATIC1-rec.txt
1 move 0 0
4 move 352 418
269 ctrl 8
287 ctrl 6
298 ctrl 6
322 enter 7
348 enter 6
363 enter 3
374 enter 7
388 enter 3
412 enter 3
482 enter 6
493 enter 5
502 enter 4
510 enter 6
518 enter 7
529 enter 5
538 enter 5
548 enter 4
805 move 357 411
806 move 380 391
807 move 399 376
808 move 486 319
809 move 535 294
810 move 561 286
811 move 588 280
812 move 598 278
813 move 609 277
814 move 624 277
815 move 634 278
816 move 642 280
817 move 655 284
818 move 667 287
819 move 686 296
820 move 699 302
821 move 710 307
822 move 722 310
823 move 729 312
824 move 734 312
825 move 735 312
826 move 737 310
827 move 739 310
829 move 740 310
832 move 742 310
833 move 745 310
834 move 746 310
835 move 750 310
836 move 758 310
837 move 761 310
838 move 767 308
839 move 771 307
840 move 774 306
841 move 775 305
842 move 779 302
843 move 782 302
844 move 784 302
845 move 785 302
846 move 787 301
847 move 789 301
848 move 790 301
852 move 789 301
853 move 779 298
854 move 769 296
855 move 750 295
856 move 735 295
857 move 727 296
858 move 689 299
859 move 668 301
860 move 638 302
861 move 621 302
862 move 614 302
863 move 588 305
864 move 575 307
865 move 556 309
866 move 543 310
867 move 533 310
868 move 525 312
869 move 515 313
870 move 511 313
872 move 506 313
873 move 504 313
874 move 500 313
875 move 497 315
876 move 494 316
877 move 491 316
878 move 487 317
879 move 486 317
880 move 485 317
882 move 484 317
917 lclick 9
1035 move 491 313
1036 move 545 289
1037 move 609 257
1038 move 671 226
1039 move 697 214
1040 move 720 204
1041 move 725 201
1042 move 731 200
1043 move 733 200
1044 move 737 201
1045 move 740 204
1046 move 742 208
1047 move 743 209
1048 move 744 212
1049 move 744 213
1051 move 744 214
1055 move 744 215
1057 move 744 216
1058 move 745 218
1059 move 746 219
1060 move 747 220
1061 move 747 222
1062 move 750 224
1063 move 755 229
1064 move 760 233
1065 move 767 238
1066 move 772 241
1067 move 775 243
1068 move 778 244
1069 move 779 245
1070 move 782 246
1072 move 783 247
1073 move 784 247
1074 move 784 248
1077 move 785 248
1082 move 786 248
1109 move 785 246
1110 move 785 244
1111 move 784 228
1112 move 785 202
1113 move 787 179
1114 move 789 171
1115 move 789 168
1116 move 789 165
1117 move 789 164
1118 move 789 161
1119 move 787 159
1120 move 787 156
1121 move 787 151
1122 move 787 148
1123 move 787 144
1124 move 787 143
1125 move 787 140
1127 move 787 138
1128 move 787 136
1129 move 787 135
1130 move 787 133
1132 move 787 132
1153 move 787 129
1154 move 787 128
1155 move 787 120
1156 move 787 114
1157 move 787 108
1158 move 787 101
1159 move 787 99
1160 move 787 97
1161 move 787 96
1162 move 787 94
1163 move 787 93
1165 move 787 92
1167 move 787 90
1168 move 787 86
1169 move 787 82
1170 move 787 79
1171 move 787 74
1172 move 787 72
1173 move 787 71
1174 move 787 68
1176 move 787 67
1099 lclick 81
1191 move 787 68
1193 move 787 71
1194 move 789 76
1195 move 789 82
1196 move 789 90
1197 move 789 101
1198 move 789 108
1199 move 789 114
1200 move 789 117
1203 move 789 118
1204 move 790 124
1205 move 792 135
1206 move 799 167
1207 move 799 180
1208 move 799 186
1209 move 799 188
1210 move 799 189
1211 move 799 190
1212 move 799 191
1213 move 799 193
1215 move 799 194
1216 move 799 195
1217 move 799 196
1218 move 799 197
1219 move 799 198
1220 move 799 201
1221 move 798 204
1222 move 798 207
1223 move 798 212
1224 move 798 213
1225 move 798 216
1226 move 797 218
1227 move 796 220
1228 move 796 222
1229 move 795 225
1230 move 793 230
1231 move 793 231
1232 move 792 233
1233 move 791 236
1234 move 790 237
1235 move 790 240
1237 move 790 243
1238 move 790 244
1239 move 789 245
1240 move 789 247
1242 move 787 248
1243 move 787 249
1257 move 789 238
1260 move 789 228
1261 move 789 135
1262 move 789 126
1263 move 789 120
1264 move 789 110
1265 move 789 106
1266 move 789 97
1267 move 789 93
1268 move 789 92
1269 move 789 82
1270 move 789 79
1271 move 787 72
1272 move 787 67
1273 move 787 66
1274 move 786 59
1275 move 785 55
1276 move 784 50
1277 move 783 47
1278 move 783 45
1279 move 782 41
1280 move 782 38
1281 move 782 35
1282 move 782 32
1283 move 782 29
1284 move 782 28
1285 move 782 25
1286 move 782 23
1287 move 782 21
1289 move 782 20
1250 lclick 43
1295 move 780 25
1296 move 779 31
1297 move 779 36
1298 move 769 68
1299 move 766 79
1300 move 753 108
1301 move 750 117
1302 move 739 140
1303 move 731 159
1304 move 728 164
1305 move 724 171
1306 move 724 172
1307 move 723 172
1308 move 722 173
1310 lclick 9
1331 lclick 6
1346 move 731 175
1347 move 738 175
1348 move 755 178
1349 move 776 180
1350 move 779 180
1352 move 782 180
1354 move 783 182
1356 move 784 183
1357 move 786 185
1358 move 787 191
1359 move 790 201
1361 move 790 206
1362 move 790 207
1363 move 790 213
1364 move 790 218
1365 move 790 225
1366 move 790 229
1367 move 790 233
1368 move 789 236
1369 move 789 240
1370 move 787 244
1371 move 787 248
1372 move 787 252
1373 move 787 254
1375 move 787 255
1376 move 787 256
1377 move 787 257
1389 move 787 254
1390 move 790 227
1391 move 792 204
1392 move 791 178
1393 move 789 160
1394 move 786 147
1395 move 782 129
1396 move 780 115
1397 move 779 107
1398 move 779 101
1399 move 779 100
1400 move 779 99
1384 lclick 19
1404 move 778 104
1405 move 778 108
1406 move 778 149
1407 move 779 183
1408 move 779 216
1409 move 779 235
1410 move 779 245
1411 move 779 252
1412 move 779 258
1413 move 779 265
1414 move 779 270
1415 move 779 273
1416 move 779 276
1417 move 782 279
1418 move 782 280
1419 move 782 281
1420 move 783 285
1421 move 787 292
1422 move 793 305
1423 move 795 313
1424 move 796 313
1426 move 798 303
1427 move 794 274
1428 move 793 263
1429 move 792 261
1430 move 792 259
1433 move 790 261
1434 move 789 269
1435 move 786 278
1436 move 784 283
1437 move 783 284
1440 move 784 284
1441 move 785 284
1442 move 786 284
1443 move 787 281
1444 move 787 272
1445 move 787 265
1447 move 787 272
1448 move 787 285
1449 move 785 291
1451 move 785 288
1452 move 786 267
1453 move 786 260
1455 move 786 261
1456 move 785 269
1457 move 784 270
1458 move 784 266
1459 move 784 258
1460 move 785 254
1461 move 785 252
1463 move 784 256
1464 move 783 265
1465 move 782 268
1467 move 783 262
1468 move 786 246
1469 move 787 241
1470 move 787 240
1481 move 790 230
1482 move 797 206
1483 move 798 201
1484 move 798 196
1485 move 798 193
1486 move 797 185
1487 move 794 172
1488 move 792 161
1489 move 790 144
1490 move 790 136
1491 move 789 127
1492 move 789 117
1493 move 789 108
1494 move 789 92
1495 move 790 82
1496 move 790 76
1497 move 790 71
1498 move 790 65
1499 move 790 60
1500 move 790 59
1501 move 790 55
1502 move 790 50
1503 move 790 47
1504 move 790 42
1505 move 790 39
1506 move 790 37
1507 move 790 34
1508 move 790 32
1509 move 790 30
1510 move 790 28
1511 move 790 25
1512 move 790 23
1513 move 790 21
1534 move 789 21
1535 move 789 20
1536 move 787 16
1537 move 787 14
1538 move 787 10
1539 move 787 9
1540 move 787 7
1541 move 787 6
1542 move 787 5
1548 move 787 6
1549 move 787 8
1550 move 787 10
1475 lclick 75
1551 move 787 12
1552 move 787 13
1553 move 787 15
1554 move 787 17
1555 move 787 20
1557 move 786 23
1558 move 783 32
1559 move 779 49
1560 move 766 82
1561 move 757 103
1562 move 744 129
1563 move 734 148
1564 move 725 161
1565 move 716 176
1566 move 710 184
1567 move 707 187
1568 move 707 188
1569 move 706 189
1577 move 705 190
1578 move 704 191
1579 move 702 194
1580 move 699 199
1581 move 696 204
1582 move 690 212
1583 move 686 216
1584 move 684 220
1585 move 683 222
1586 move 682 222
1588 move 681 222
1589 move 683 224
1590 move 688 230
1591 move 700 241
1592 move 711 252
1593 move 721 267
1594 move 736 294
1595 move 742 308
1596 move 750 325
1597 move 753 332
1598 move 755 336
1599 move 756 338
1600 move 757 339
1601 move 758 339
1610 move 758 341
1611 move 760 342
1612 move 763 345
1613 move 772 355
1614 move 774 356
1615 move 776 359
1616 move 778 360
1617 move 779 360
1618 move 780 360
1620 move 782 360
1623 move 783 359
1628 move 783 354
1629 move 785 345
1630 move 787 331
1631 move 787 317
1632 move 790 305
1633 move 791 295
1634 move 792 291
1635 move 792 288
1636 move 792 287
1638 move 792 286
1642 move 791 285
1651 move 790 285
1653 move 790 286
1654 lclick 7
1675 lclick 6
1687 lclick 7
1710 lclick 8
1735 lclick 7
1747 lclick 6
1759 lclick 7
1782 move 789 286
1784 move 787 288
1785 move 785 291
1786 move 784 294
1787 move 782 299
1788 move 782 305
1789 move 779 313
1790 move 779 319
1791 move 779 327
1792 move 779 338
1793 move 779 342
1794 move 779 347
1795 move 779 349
1796 move 779 350
1797 move 779 352
1799 move 779 353
1800 move 779 354
1801 move 778 355
1803 move 778 356
1812 move 775 356
1813 move 764 359
1814 move 753 360
1815 move 739 360
1816 move 733 360
1817 move 729 359
1818 move 728 358
1819 move 727 357
1822 move 727 356
1823 move 726 354
1824 move 729 350
1825 move 732 348
1826 move 754 335
1827 move 765 331
1828 move 776 325
1829 move 780 324
1830 move 782 323
1831 move 784 323
1833 move 785 323
1838 move 785 321
1839 move 784 317
1840 move 783 313
1841 move 782 309
1842 move 782 306
1843 move 780 305
1844 move 780 302
1853 move 782 301
1854 move 782 299
1855 move 782 298
1856 move 783 296
1858 move 784 294
1873 lclick 5
1885 lclick 6
1897 lclick 5
1926 move 782 294
1927 move 780 294
1928 move 768 299
1929 move 760 303
1930 move 746 307
1931 move 735 310
1932 move 721 313
1933 move 711 314
1934 move 697 316
1935 move 690 318
1936 move 684 319
1937 move 681 320
1938 move 676 320
1939 move 673 320
1940 move 671 320
1941 move 670 320
1942 move 668 320
2004 move 659 323
2005 move 653 323
2006 move 634 326
2007 move 625 326
2008 move 615 327
2009 move 610 327
2010 move 606 327
2011 move 605 327
2012 move 601 327
2013 move 598 327
2014 move 596 327
2015 move 593 328
2016 move 592 329
2017 move 591 329
2018 move 590 329
2019 move 588 330
2035 move 587 330
2036 move 586 331
2037 move 583 331
2038 move 575 331
2039 move 567 331
2040 move 557 331
2041 move 554 330
2042 move 544 329
2043 move 540 329
2044 move 532 329
2045 move 529 329
2046 move 525 329
2047 move 522 328
2048 move 519 327
2049 move 517 327
2050 move 516 326
2051 move 515 326
2265 lclick 8
2298 move 516 325
2299 move 525 323
2300 move 543 324
2301 move 575 331
2302 move 620 347
2303 move 641 356
2304 move 656 363
2305 move 673 373
2306 move 686 381
2307 move 710 395
2308 move 721 403
2309 move 727 406
2310 move 740 413
2311 move 742 413
2312 move 746 414
2313 move 747 414
2328 move 765 436
2329 move 772 445
2330 move 773 448
2331 move 775 450
2332 move 775 451
2333 move 776 451
2335 move 776 453
2337 move 776 454
2353 move 778 454
2354 move 779 455
2356 move 780 455
2357 move 782 455
2360 move 783 455
2363 move 783 456
2365 move 783 457
2366 move 783 458
2367 move 783 461
2368 move 784 462
2371 move 784 464
2373 move 784 465
2374 move 784 466
2375 move 784 467
2378 move 784 468
2379 move 784 469
2391 move 783 466
2392 move 782 461
2393 move 776 454
2394 move 772 450
2395 move 762 444
2396 move 752 442
2397 move 735 439
2398 move 723 439
2399 move 714 439
2400 move 705 439
2401 move 699 439
2402 move 693 439
2403 move 689 438
2404 move 686 438
2405 move 685 437
2411 lclick 5
2421 lclick 8
2433 lclick 5
2445 lclick 4
2507 ctrl 6
2517 ctrl 6
2526 ctrl 5
2549 move 686 436
2550 move 693 432
2551 move 706 422
2552 move 721 411
2553 move 738 399
2554 move 742 396
2555 move 745 393
2556 move 746 392
2557 move 747 392
2558 move 747 391
2563 move 749 391
2564 move 750 390
2565 move 753 389
2566 move 754 389
2567 move 755 389
2568 move 756 388
2571 move 756 387
2573 move 754 384
2574 move 746 381
2575 move 742 380
2576 move 731 378
2577 move 725 376
2578 move 718 375
2579 move 717 374
2580 move 713 374
2581 move 712 374
2582 move 711 374
2676 rclick 8
2698 move 697 371
2699 move 663 352
2700 move 649 343
2701 move 638 338
2702 move 636 336
2703 move 631 332
2704 move 630 331
2705 move 628 331
2708 rclick 5
2724 move 653 342
2725 move 742 374
2726 move 753 379
2727 move 755 379
2737 move 756 379
2738 move 758 378
2739 move 762 376
2740 move 768 375
2741 move 774 375
2742 move 779 374
2743 move 784 374
2744 move 786 374
2745 move 787 374
2746 move 789 374
2750 move 790 373
2756 move 790 371
2765 move 790 370
2766 move 790 366
2767 move 790 363
2768 move 790 360
2772 move 789 360
2773 move 787 363
2774 move 785 368
2775 move 783 374
2776 move 782 380
2777 move 782 384
2778 move 782 388
2779 move 782 393
2780 move 782 400
2781 move 782 406
2782 move 783 413
2783 move 785 421
2784 move 786 425
2785 move 786 428
2786 move 786 433
2787 move 786 438
2788 move 786 443
2789 move 786 447
2790 move 786 451
2791 move 786 456
2792 move 785 462
2793 move 785 465
2794 move 785 471
2795 move 785 477
2796 move 785 482
2797 move 784 485
2798 move 784 486
2804 move 785 472
2805 move 787 453
2806 move 787 440
2807 move 787 432
2808 move 787 422
2809 move 790 410
2810 move 790 400
2811 move 790 391
2812 move 790 384
2813 move 790 371
2814 move 790 364
2815 move 790 359
2816 move 790 354
2817 move 790 353
2820 move 789 353
2821 move 787 360
2822 move 787 382
2823 move 787 411
2824 move 787 425
2825 move 787 431
2826 move 787 432
2827 move 787 433
2828 move 787 435
2830 move 787 436
2831 move 787 437
2833 move 787 438
2834 move 787 442
2835 move 787 445
2836 move 787 447
2837 move 787 449
2838 move 787 450
2839 move 787 451
2854 lclick 5
2870 move 776 451
2871 move 751 453
2872 move 728 453
2873 move 711 453
2874 move 703 453
2875 move 699 453
2881 move 700 454
2882 move 712 458
2883 move 727 461
2884 move 742 464
2885 move 749 464
2886 move 752 464
2888 move 753 464
2889 move 754 464
2894 move 760 465
2895 move 771 466
2896 move 779 466
2897 move 782 466
2898 move 784 466
2899 move 786 464
2900 move 787 464
2901 move 789 462
2902 move 790 461
2903 move 793 459
2905 move 794 459
2906 move 795 458
2907 move 796 457
2908 move 797 457
2916 move 791 456
2917 move 787 455
2918 move 785 454
2919 move 783 453
2920 move 782 453
2937 lclick 7
2948 lclick 5
2957 lclick 9
2995 rclick 7
3017 move 780 449
3018 move 782 418
3019 move 784 376
3020 move 787 347
3021 move 790 334
3022 move 792 319
3023 move 792 309
3024 move 792 296
3025 move 790 280
3026 move 790 273
3027 move 789 270
3028 move 789 268
3029 move 789 267
3031 move 789 266
3032 move 789 265
3038 move 787 265
3039 move 787 268
3040 move 786 272
3041 move 784 281
3042 move 782 291
3043 move 782 308
3044 move 782 320
3045 move 782 334
3046 move 782 349
3047 move 779 363
3048 move 778 382
3049 move 779 443
3050 move 784 479
3051 move 791 517
3052 move 794 530
3053 move 795 539
3054 move 795 540
3055 move 795 543
3059 move 795 544
3062 move 794 544
3063 move 794 545
3065 move 794 546
3066 move 794 547
3067 move 794 550
3068 move 794 551
3069 move 794 552
3070 move 794 554
3080 move 793 554
3082 move 793 555
3086 move 792 556
3087 move 791 557
3100 move 791 555
3101 move 791 551
3102 move 791 546
3103 move 791 544
3104 move 791 541
3105 move 791 539
3106 move 791 537
3107 move 791 533
3108 move 791 530
3109 move 791 526
3110 move 791 523
3111 move 791 520
3112 move 791 518
3113 move 791 516
3114 move 791 515
3116 move 791 514
3126 move 790 516
3128 move 789 520
3129 move 787 522
3130 move 787 523
3131 move 787 526
3132 move 787 529
3133 move 786 530
3134 move 786 536
3135 move 785 538
3136 move 785 543
3137 move 785 547
3138 move 785 550
3139 move 785 555
3140 move 785 559
3141 move 785 562
3142 move 785 565
3143 move 785 566
3144 move 785 568
3146 move 785 569
3147 move 785 570
3092 lclick 61
3166 move 784 570
3167 move 783 573
3168 move 783 574
3169 move 782 576
3170 move 782 578
3171 move 782 579
3172 move 782 581
3180 move 783 580
3181 move 784 579
3182 move 785 575
3183 move 785 574
3184 move 786 570
3185 move 787 570
3186 move 787 568
3187 move 787 567
3188 move 787 565
3190 move 787 563
3191 move 787 562
3192 move 789 559
3193 move 790 557
3194 move 790 556
3195 move 790 555
3196 move 790 554
3206 move 790 555
3209 move 790 556
3212 move 790 557
3214 move 790 558
3215 move 789 558
3216 move 789 559
3218 move 787 559
3220 move 787 561
3238 move 789 554
3239 move 790 544
3240 move 790 533
3242 move 790 517
3243 move 790 511
3244 move 790 508
3245 move 790 504
3246 move 790 501
3247 move 790 500
3248 move 790 497
3249 move 790 496
3251 move 790 495
3258 move 789 495
3260 move 787 496
3261 move 787 497
3230 lclick 31
3263 move 786 498
3264 move 785 498
3266 move 785 500
3267 move 784 501
3270 move 783 503
3271 move 782 504
3272 move 779 507
3273 move 778 508
3274 move 772 512
3275 move 771 514
3276 move 768 515
3277 move 766 518
3278 move 762 522
3279 move 760 522
3280 move 756 528
3281 move 753 530
3282 move 750 533
3283 move 749 536
3284 move 744 540
3285 move 742 541
3286 move 736 546
3287 move 731 548
3288 move 725 550
3289 move 720 551
3290 move 710 552
3291 move 706 552
3292 move 689 548
3293 move 672 543
3294 move 661 536
3295 move 656 533
3296 move 650 529
3297 move 646 527
3298 move 645 525
3299 move 643 523
3300 move 642 522
3301 move 641 520
3302 move 641 518
3303 move 641 514
3304 move 641 511
3305 move 641 504
3306 move 641 494
3307 move 643 488
3308 move 644 483
3309 move 644 480
3310 move 645 477
3311 move 645 476
3312 move 646 475
3313 move 646 473
3314 move 646 472
3316 move 646 471
3323 move 646 469
3325 move 646 466
3326 move 646 464
3327 move 648 462
3328 move 648 461
3330 lclick 7
3341 move 649 460
3342 move 649 458
3343 move 652 453
3344 move 653 448
3345 move 654 447
3346 move 657 440
3347 move 660 435
3348 move 661 432
3349 move 662 431
3350 move 664 427
3352 move 665 425
3353 move 666 424
3354 move 667 422
3359 lclick 8
3462 move 667 415
3463 move 675 323
3464 move 684 269
3466 move 711 172
3467 move 721 149
3468 move 725 140
3469 move 734 122
3470 move 742 111
3471 move 743 108
3486 move 769 88
3487 move 794 71
3488 move 799 58
3489 move 799 49
3490 move 799 42
3491 move 799 32
3492 move 799 30
3493 move 799 29
3494 move 799 28
3496 move 799 27
3511 move 799 26
3512 move 799 23
3514 move 799 13
3515 move 799 8
3516 move 799 2
3517 move 799 1
# End of recording at tick 3545.
